
180629T18:23:10.233257mb >>  0  B
180629T18:23:25.283316mb ####  
180629T18:23:25.283316mb #### music button 
180629T18:23:25.283316mb >> 55 AA  0 72  1 21 61  0  1  0 55 AA  0 72  1 21 61  1  1  1 55 AA  0 72  1 21 61  2  1  1 55 AA  0 72  1 20 61  0  1  1 55 AA  0 72  1 20 61  1  1  0 55 AA  0 72  1 20 61  2  1  0 55 AA  0 72  1 20 61  3  1  0 55 AA  0 72  1 20 61  1  1  0 55 AA  0 72  1 20 61  5  1  0 55 AA  0 72  1 20 61  6  1  0 55 AA  0 72  1 20 61  7  1  0 55 AA  0 72  1 20 61  8  1  0 55 AA  0 72  1 20 61  9  1  0
180629T18:24:01.032654mb #### (now in recorder playback) 
180629T18:24:01.032654mb #### sound song 1 
180629T18:24:01.032654mb >> 55 AA  0 6E  1 71  2  0  2  0 10 55 AA  0 6E  1 71  3  0  2  0  0 55 AA  0 6E  1 20 60  0  1  1 55 AA  0 6E  1 20 60  1  1  0 55 AA  0 6E  1  1  0  0  1  0 55 AA  0 6E  1  2  0  0  1  0 55 AA  0 6E  1  8  0  0  1  1 55 AA  0 6E  1  9  0  0  1  1 55 AA  0 6E  1 10  0  0  1  0 55 AA  0 6E  1  A  0  0  1  0 55 AA  0 6E  1  A  1  0  2  0 78 55 AA  0 6E  1  A  2  0  1  3 55 AA  0 6E  1  A  3  0  1  B
180629T18:24:01.212667mb >> 55 AA  0 6E  1 71  2  0  2  0 10 55 AA  0 6E  1 71  3  0  2  0  0 55 AA  0 6E  1 20  0  0  1  0 55 AA  0 6E  1 20  1  0  1  2 55 AA  0 6E  1 20  2  0  1  0 55 AA  0 6E  1 20 60  0  1  1 55 AA  0 6E  1 20 60  1  1  0 55 AA  0 6E  1 71  2  0  2  0 10 55 AA  0 6E  1 71  3  0  2  0  0 55 AA  0 6E  1 20 60  0  1  1 55 AA  0 6E  1 20 60  1  1  0 55 AA  0 6E  1 71  3  0  2  0  1
180629T18:24:03.198275mb >> 55 AA  0 6E  1 71  3  0  2  0  2
180629T18:24:05.199690mb >> 55 AA  0 6E  1 71  3  0  2  0  3
180629T18:24:07.200954mb >> 55 AA  0 6E  1 71  3  0  2  0  4
180629T18:24:09.202257mb >> 55 AA  0 6E  1 71  3  0  2  0  5
180629T18:24:11.203580mb >> 55 AA  0 6E  1 71  3  0  2  0  6
180629T18:24:13.188984mb #### stop 
180629T18:24:13.188984mb >> 55 AA  0 6E  1 71  3  0  2  0  7
180629T18:24:13.797259mb >> 55 AA  0 6E  1 71  2  0  2  0 10 55 AA  0 6E  1 71  3  0  2  0  0 55 AA  0 6E  1 71  2  0  2  0 10 55 AA  0 6E  1 71  3  0  2  0  0 55 AA  0 6E  1 20 60  0  1  1 55 AA  0 6E  1 20 60  1  1  0
180629T18:24:31.937566mb ####  
180629T18:24:31.937566mb #### (stopped) 
180629T18:24:31.937566mb #### settings 
180629T18:24:31.937566mb >> 55 AA  0 72  1 20  1  0  1  2 55 AA  0 72  1 20  4  0  1  0
180629T18:27:46.134032mb ####  
180629T18:27:46.134032mb #### part select: part 1&2 up, then back 
180629T18:27:46.134032mb ####  
180629T18:27:46.134032mb #### song transpose from  0 up, then down 
180629T18:27:46.134032mb ####  
180629T18:27:46.134032mb #### save to USB (INT) 
180629T18:27:46.134032mb #### name=iiiiiiiiii 
180629T18:27:46.134032mb >> 55 AA  0 71  1 14 64  0  A 69 69 69 69 69 69 69 69 69 69
180629T18:27:49.239952mb >> 55 AA  0 72  1 20  1  0  1  2 55 AA  0 72  1 20  4  0  1 F4
180629T18:28:44.590002mb ####  
180629T18:28:44.590002mb #### save to USB (SMF) 
180629T18:28:44.590002mb #### name=ssssssssss 
180629T18:28:44.590002mb >> 55 AA  0 71  1 14 65  0  A 73 73 73 73 73 73 73 73 73 73
180629T18:28:47.679910mb >> 55 AA  0 72  1 20  1  0  1  2 55 AA  0 72  1 20  4  0  1 F4
180629T18:29:32.382700mb ####  
180629T18:29:32.382700mb #### erase song 
180629T18:29:32.382700mb #### Yes 
180629T18:29:32.382700mb >> 55 AA  0 71  1 20 40  0  1  2
180629T18:29:35.472810mb >> 55 AA  0 72  1 20  1  0  1  2 55 AA  0 72  1 20  4  0  1 F4
180629T18:30:30.726852mb ####  
180629T18:30:30.726852mb #### erase all song 
180629T18:30:30.726852mb #### yes 
180629T18:30:30.726852mb >> 55 AA  0 71  1 21 40 FF  0
180629T18:30:32.472026mb >> 55 AA  0 71  1 20 40 FF  1  2
180629T18:30:35.562001mb >> 55 AA  0 72  1 20  1  0  1  2 55 AA  0 72  1 20  4  0  1 F4
180629T18:30:56.344165mb ####  
180629T18:30:56.344165mb ####  
180629T18:30:56.344165mb #### load song from USB 
180629T18:30:56.344165mb >> 55 AA  0 72  1 14 40  0  A 69 69 69 69 69 69 69 69 69 69 55 AA  0 72  1 14 50  0  1  6
180629T18:32:19.168705mb ####  (showing iiiiiiiiii.KSO) 
180629T18:32:19.168705mb #### select iiiiiiiii.KSO 
180629T18:32:19.168705mb >> 55 AA  0 71  1 14 60  0  0
180629T18:32:22.274719mb >> 55 AA  0 72  1 20  1  0  1  2 55 AA  0 72  1 20  4  0  1 F4
180629T18:32:52.280567mb ####  
180629T18:32:52.280567mb #### close (x) 
180629T18:32:52.280567mb >> 55 AA  0 72  1 21 61  0  1  0 55 AA  0 72  1 21 61  1  1  0 55 AA  0 72  1 21 61  2  1  0 55 AA  0 72  1 20 61  0  1  1 55 AA  0 72  1 20 61  1  1  0 55 AA  0 72  1 20 61  2  1  0 55 AA  0 72  1 20 61  3  1  0 55 AA  0 72  1 20 61  4  1  0 55 AA  0 72  1 20 61  5  1  0 55 AA  0 72  1 20 61  6  1  0 55 AA  0 72  1 20 61  7  1  0 55 AA  0 72  1 20 61  8  1  0 55 AA  0 72  1 20 61  9  1  0
180629T18:33:53.170138mb ####  
180629T18:33:53.170138mb ####  
180629T18:33:53.170138mb #### back (<) from recorder playback 
180629T18:33:53.170138mb ####  
180629T18:33:53.170138mb #### USB memory Player 
180629T18:33:53.170138mb >> 55 AA  0 6E  1 71  2  0  2  0 10 55 AA  0 6E  1 71  3  0  2  0  0 55 AA  0 6E  1 20 60  0  1  1 55 AA  0 6E  1 20 60  1  1  0 55 AA  0 72  1 22 40  0  A 69 69 69 69 69 69 69 69 69 69 55 AA  0 72  1 22 41  0  1  6 55 AA  0 72  1 22 40  1  A 73 73 73 73 73 73 73 73 73 73 55 AA  0 72  1 22 41  1  1  7
180629T18:35:06.180188mb #### (showing iiiiiiiii.KSO and ssssssssss.SMF) 
180629T18:35:06.180188mb #### selecting ssssssssss.SMF 
180629T18:35:06.180188mb >> 55 AA  0 6E  1 71  2  0  2  0 10 55 AA  0 6E  1 71  3  0  2  0  1 55 AA  0 6E  1 71  4  0  3  0  0 78 55 AA  0 6E  1 71 13  0  1  0
180629T18:35:06.676616mb >> 55 AA  0 6E  1 71  4  0  3  1  0 78
180629T18:35:07.172870mb >> 55 AA  0 6E  1 71  4  0  3  2  0 78
180629T18:35:07.669205mb >> 55 AA  0 6E  1 71  4  0  3  3  0 78
180629T18:35:08.181483mb >> 55 AA  0 6E  1 71  3  0  2  0  2 55 AA  0 6E  1 71  4  0  3  0  0 78
180629T18:35:08.677960mb >> 55 AA  0 6E  1 71  4  0  3  1  0 78
180629T18:35:09.174194mb >> 55 AA  0 6E  1 71  4  0  3  2  0 78
180629T18:35:09.670583mb >> 55 AA  0 6E  1 71  4  0  3  3  0 78
180629T18:35:10.182973mb >> 55 AA  0 6E  1 71  3  0  2  0  3 55 AA  0 6E  1 71  4  0  3  0  0 78
180629T18:35:10.679222mb >> 55 AA  0 6E  1 71  4  0  3  1  0 78
180629T18:35:11.175665mb >> 55 AA  0 6E  1 71  4  0  3  2  0 78
180629T18:35:11.672021mb >> 55 AA  0 6E  1 71  4  0  3  3  0 78
180629T18:35:12.184281mb >> 55 AA  0 6E  1 71  3  0  2  0  4 55 AA  0 6E  1 71  4  0  3  0  0 78
180629T18:35:12.680707mb >> 55 AA  0 6E  1 71  4  0  3  1  0 78
180629T18:35:13.176933mb >> 55 AA  0 6E  1 71  4  0  3  2  0 78
180629T18:35:13.673208mb >> 55 AA  0 6E  1 71  4  0  3  3  0 78
180629T18:35:14.169597mb >> 55 AA  0 6E  1 71  3  0  2  0  5 55 AA  0 6E  1 71  4  0  3  0  0 78
180629T18:35:14.681982mb >> 55 AA  0 6E  1 71  4  0  3  1  0 78
180629T18:35:15.178250mb >> 55 AA  0 6E  1 71  4  0  3  2  0 78
180629T18:35:15.674644mb >> 55 AA  0 6E  1 71  4  0  3  3  0 78
180629T18:35:16.170896mb >> 55 AA  0 6E  1 71  3  0  2  0  6 55 AA  0 6E  1 71  4  0  3  0  0 78
180629T18:35:16.683265mb >> 55 AA  0 6E  1 71  4  0  3  1  0 78
180629T18:35:17.179574mb >> 55 AA  0 6E  1 71  4  0  3  2  0 78
180629T18:35:17.675917mb >> 55 AA  0 6E  1 71  4  0  3  3  0 78
180629T18:35:18.172346mb >> 55 AA  0 6E  1 71  3  0  2  0  7 55 AA  0 6E  1 71  4  0  3  0  0 78
180629T18:35:18.684606mb >> 55 AA  0 6E  1 71  4  0  3  1  0 78
180629T18:35:19.181000mb >> 55 AA  0 6E  1 71  4  0  3  2  0 78
180629T18:35:19.677268mb >> 55 AA  0 6E  1 71  4  0  3  3  0 78
180629T18:35:20.173658mb >> 55 AA  0 6E  1 71  3  0  2  0  8 55 AA  0 6E  1 71  4  0  3  0  0 78
180629T18:35:20.670040mb >> 55 AA  0 6E  1 71  4  0  3  1  0 78
180629T18:35:21.182343mb >> 55 AA  0 6E  1 71  4  0  3  2  0 78
180629T18:35:21.678698mb >> 55 AA  0 6E  1 71  4  0  3  3  0 78
180629T18:35:22.175115mb >> 55 AA  0 6E  1 71  3  0  2  0  9 55 AA  0 6E  1 71  4  0  3  0  0 78
180629T18:35:22.671359mb >> 55 AA  0 6E  1 71  4  0  3  1  0 78
180629T18:35:23.183748mb >> 55 AA  0 6E  1 71  4  0  3  2  0 78
180629T18:35:23.679976mb >> 55 AA  0 6E  1 71  4  0  3  3  0 78
180629T18:35:24.176403mb >> 55 AA  0 6E  1 71  3  0  2  0  A 55 AA  0 6E  1 71  4  0  3  0  0 78
180629T18:35:24.672784mb >> 55 AA  0 6E  1 71  4  0  3  1  0 78
180629T18:35:25.185138mb >> 55 AA  0 6E  1 71  4  0  3  2  0 78
180629T18:35:25.681464mb >> 55 AA  0 6E  1 71  4  0  3  3  0 78
180629T18:35:26.177721mb >> 55 AA  0 6E  1 71  3  0  2  0  B 55 AA  0 6E  1 71  4  0  3  0  0 78
180629T18:35:26.674147mb >> 55 AA  0 6E  1 71  4  0  3  1  0 78
180629T18:35:27.170432mb >> 55 AA  0 6E  1 71  4  0  3  2  0 78
180629T18:35:27.682690mb >> 55 AA  0 6E  1 71  4  0  3  3  0 78
180629T18:35:28.179087mb >> 55 AA  0 6E  1 71  3  0  2  0  C 55 AA  0 6E  1 71  4  0  3  0  0 78
180629T18:35:28.675368mb >> 55 AA  0 6E  1 71  4  0  3  1  0 78
180629T18:35:29.171726mb >> 55 AA  0 6E  1 71  4  0  3  2  0 78
180629T18:35:29.684155mb >> 55 AA  0 6E  1 71  4  0  3  3  0 78
180629T18:35:30.180251mb >> 55 AA  0 6E  1 71  3  0  2  0  D 55 AA  0 6E  1 71  4  0  3  0  0 78
180629T19:05:37.313360mb #### (stopped) 
180629T19:05:37.313360mb #### back (<) 
180629T19:05:37.313360mb >> 55 AA  0 72  1 22 40  0  A 69 69 69 69 69 69 69 69 69 69 55 AA  0 72  1 22 41  0  1  6 55 AA  0 72  1 22 40  1  A 73 73 73 73 73 73 73 73 73 73 55 AA  0 72  1 22 41  1  1  7
180629T19:06:27.683566mb #### (showing directory again) 
180629T19:06:27.683566mb #### back (<) 
180629T19:06:27.683566mb #### sound mode button 
180629T19:06:27.683566mb >> 55 AA  0 6E  1  A  0  0  1  0 55 AA  0 6E  1  8  0  0  1  1 55 AA  0 6E  1  9  0  0  1  1 55 AA  0 6E  1  1  0  0  1  0 55 AA  0 6E  1  2  0  0  1  0 55 AA  0 6E  1  8  0  0  1  1 55 AA  0 6E  1  9  0  0  1  1 55 AA  0 6E  1 10  0  0  1  0 55 AA  0 6E  1  A  0  0  1  0 55 AA  0 6E  1  A  1  0  2  0 78 55 AA  0 6E  1  A  2  0  1  3 55 AA  0 6E  1  A  3  0  1  B
180629T19:08:51.013506mb ####  
180629T19:08:51.013506mb #### recorder button 
180629T19:08:51.013506mb #### (usb audio selected) 
180629T19:08:51.013506mb #### record button twice 
180629T19:08:51.013506mb >> 55 AA  0 6E  1 71  2  0  2  0 10 55 AA  0 6E  1 71  3  0  2  0  1 55 AA  0 6E  1 71  4  0  3  0  0 78
180629T19:08:52.902838mb >> 55 AA  0 6E  1 71  1  0  2  0  0
180629T19:08:53.911618mb >> 55 AA  0 6E  1 71  1  0  2  0  1
180629T19:08:54.920426mb >> 55 AA  0 6E  1 71  1  0  2  0  2
180629T19:08:55.913078mb >> 55 AA  0 6E  1 71  1  0  2  0  3
180629T19:08:56.921760mb >> 55 AA  0 6E  1 71  1  0  2  0  4
180629T19:08:57.898382mb >> 55 AA  0 6E  1 71  1  0  2  0  5
180629T19:08:58.907070mb >> 55 AA  0 6E  1 71  1  0  2  0  6
180629T19:08:59.899813mb >> 55 AA  0 6E  1 71  1  0  2  0  7
180629T19:09:00.908393mb >> 55 AA  0 6E  1 71  1  0  2  0  8
180629T19:09:01.917114mb >> 55 AA  0 6E  1 71  1  0  2  0  9
180629T19:09:02.909930mb >> 55 AA  0 6E  1 71  1  0  2  0  A
180629T19:09:03.918553mb >> 55 AA  0 6E  1 71  1  0  2  0  B
180629T19:09:04.911191mb >> 55 AA  0 6E  1 71  1  0  2  0  C
180629T19:09:05.919852mb >> 55 AA  0 6E  1 71  1  0  2  0  D
180629T19:09:06.912534mb >> 55 AA  0 6E  1 71  1  0  2  0  E
180629T19:09:07.905151mb >> 55 AA  0 6E  1 71  1  0  2  0  F
180629T19:10:06.153018mb #### (stopped by record button) 
180629T19:10:06.153018mb #### name=uuuuuuuuuu 
180629T19:10:06.153018mb >> 55 AA  0 6E  1 71  0  0  2  0  F 55 AA  0 6E  1 71  1  0  2  0  0 55 AA  0 71  1 22 50 FF  A 75 75 75 75 75 75 75 75 75 75
180629T19:11:01.999291mb ####  
180629T19:11:01.999291mb #### settings 
180629T19:11:01.999291mb >> 55 AA  0 72  1 22 22  0  1  0 55 AA  0 72  1 22 23  0  1  9
180629T19:11:37.367390mb ####  
180629T19:11:37.367390mb #### switch from mp3 to wav 
180629T19:11:37.367390mb ####  
180629T19:11:37.367390mb #### close (x) 
180629T19:11:37.367390mb >> 55 AA  0 72  1 20 60  0  1  1 55 AA  0 72  1 20 60  1  1  0
180629T19:11:58.165776mb ####  
180629T19:11:58.165776mb #### record button twice 
180629T19:11:58.165776mb >> 55 AA  0 6E  1 71  0  0  2  0  F 55 AA  0 6E  1 71  1  0  2  0  0
180629T19:12:00.775551mb >> 55 AA  0 6E  1 71  1  0  2  0  0 55 AA  0 6E  1 71 11  0  0 55 AA  0 6E  1 71  1  0  2  0  0
180629T19:12:01.768133mb >> 55 AA  0 6E  1 71  1  0  2  0  1
180629T19:12:02.776905mb >> 55 AA  0 6E  1 71  1  0  2  0  2
180629T19:12:03.769555mb >> 55 AA  0 6E  1 71  1  0  2  0  3
180629T19:12:04.778247mb >> 55 AA  0 6E  1 71  1  0  2  0  4
180629T19:12:05.770984mb >> 55 AA  0 6E  1 71  1  0  2  0  5
180629T19:12:06.779585mb >> 55 AA  0 6E  1 71  1  0  2  0  6
180629T19:12:07.772300mb >> 55 AA  0 6E  1 71  1  0  2  0  7
180629T19:12:08.780955mb >> 55 AA  0 6E  1 71  1  0  2  0  8
180629T19:12:09.773646mb >> 55 AA  0 6E  1 71  1  0  2  0  9
180629T19:12:10.766268mb >> 55 AA  0 6E  1 71  1  0  2  0  A
180629T19:12:11.775039mb >> 55 AA  0 6E  1 71  1  0  2  0  B
180629T19:12:52.026522mb #### (stopped) 
180629T19:12:52.026522mb #### name=wwwwwwwwww 
180629T19:12:52.026522mb >> 55 AA  0 6E  1 71  0  0  2  0  B 55 AA  0 6E  1 71  1  0  2  0  0 55 AA  0 71  1 22 50 FF  A 77 77 77 77 77 77 77 77 77 77
180629T19:13:18.684697mb ####  
180629T19:13:18.684697mb #### remove usb 
180629T19:13:18.684697mb >> 55 AA  0 6E  1 70  1  0  1  0
180629T19:18:02.589428mb ####  
180629T19:18:02.589428mb #### insert usb 
180629T19:18:02.589428mb >> 55 AA  0 6E  1 70  1  0  1  1
180629T19:18:35.316013mb ####  
180629T19:18:35.316013mb #### close recorder 
180629T19:18:35.316013mb >> 55 AA  0 6E  1  0  0  0  1  0 55 AA  0 6E  1  1  0  0  1  0 55 AA  0 6E  1  2  0  0  1  0 55 AA  0 6E  1  8  0  0  1  1 55 AA  0 6E  1  9  0  0  1  1 55 AA  0 6E  1  A  0  0  1  0 55 AA  0 6E  1  A  1  0  2  0 78 55 AA  0 6E  1  A  2  0  1  3 55 AA  0 6E  1  A  3  0  1  B
180629T19:18:54.721182mb ####  
180629T19:18:54.721182mb #### sound mode settings 
180629T19:18:54.721182mb >> 55 AA  0 72  1  8  0  0  1  1 55 AA  0 72  1  9  0  0  1  1 55 AA  0 72  1 10  0  0  1  0
180629T19:19:06.301247mb ####  
180629T19:19:06.301247mb #### settings 
180629T19:19:06.301247mb >> 55 AA  0 72  1 16  2  0  1  1 55 AA  0 72  1 16  0  0  1  1 55 AA  0 72  1 16  1  0  1  0 55 AA  0 72  1 13  0  0  1  0 55 AA  0 72  1 13  1  0  1  0 55 AA  0 72  1 13  2  0  1  1 55 AA  0 72  1 13  3  0  1  1 55 AA  0 72  1 13  4  0  1  0 55 AA  0 72  1 17  2  0  1  5 55 AA  0 72  1 17  0  0  1  1 55 AA  0 72  1 10  A  0  1  0 55 AA  0 72  1 10  C  0  1  0 55 AA  0 72  1 10  B  0  1  0 55 AA  0 72  1 13 40  0  1  1
180629T19:19:26.715446mb ####  
180629T19:19:26.715446mb #### rename file 
180629T19:19:26.715446mb >> 55 AA  0 72  1 14 49  0  9 64 69 72 64 69 72 64 69 72 55 AA  0 72  1 14 59  0  1  2 55 AA  0 72  1 14 49  1  6 66 66 66 66 66 66 55 AA  0 72  1 14 59  1  1  8 55 AA  0 72  1 14 49  2  6 67 67 67 67 67 67 55 AA  0 72  1 14 59  2  1  9 55 AA  0 72  1 14 49  3  A 69 69 69 69 69 69 69 69 69 69 55 AA  0 72  1 14 59  3  1  6 55 AA  0 72  1 14 49  4  A 73 73 73 73 73 73 73 73 73 73 55 AA  0 72  1 14 59  4  1  7 55 AA  0 72  1 14 49  5  A 75 75 75 75 75 75 75 75 75 75 55 AA  0 72  1 14 59  5  1  8 55 AA  0 72  1 14 49  6  A 77 77 77 77 77 77 77 77 77 77 55 AA  0 72  1 14 59  6  1  9
180629T19:20:44.606780mb ####  
180629T19:20:44.606780mb #### select ffffff.MP3 
180629T19:20:44.606780mb ####  
180629T19:20:44.606780mb #### name=xxxxx 
180629T19:20:44.606780mb >> 55 AA  0 71  1 14 69 FF  5 78 78 78 78 78 55 AA  0 6E  1 14 49  0  9 64 69 72 64 69 72 64 69 72 55 AA  0 6E  1 14 59  0  1  2 55 AA  0 6E  1 14 49  1  6 67 67 67 67 67 67 55 AA  0 6E  1 14 59  1  1  9 55 AA  0 6E  1 14 49  2  A 69 69 69 69 69 69 69 69 69 69 55 AA  0 6E  1 14 59  2  1  6 55 AA  0 6E  1 14 49  3  A 73 73 73 73 73 73 73 73 73 73 55 AA  0 6E  1 14 59  3  1  7 55 AA  0 6E  1 14 49  4  A 75 75 75 75 75 75 75 75 75 75 55 AA  0 6E  1 14 59  4  1  8 55 AA  0 6E  1 14 49  5  A 77 77 77 77 77 77 77 77 77 77 55 AA  0 6E  1 14 59  5  1  9 55 AA  0 6E  1 14 49  6  5 78 78 78 78 78 55 AA  0 6E  1 14 59  6  1  8
180629T19:20:47.792043mb >> 55 AA  0 72  1 16  2  0  1  1 55 AA  0 72  1 16  0  0  1  1 55 AA  0 72  1 16  1  0  1  0 55 AA  0 72  1 13  0  0  1  0 55 AA  0 72  1 13  1  0  1  0 55 AA  0 72  1 13  2  0  1  1 55 AA  0 72  1 13  3  0  1  1 55 AA  0 72  1 13  4  0  1  0 55 AA  0 72  1 17  2  0  1  5 55 AA  0 72  1 17  0  0  1  1 55 AA  0 72  1 10  A  0  1  0 55 AA  0 72  1 10  C  0  1  0 55 AA  0 72  1 10  B  0  1  0 55 AA  0 72  1 13 40  0  1  1
180629T19:21:02.205812mb ####  
180629T19:21:02.205812mb #### rename file 
180629T19:21:02.205812mb >> 55 AA  0 72  1 14 49  0  9 64 69 72 64 69 72 64 69 72 55 AA  0 72  1 14 59  0  1  2 55 AA  0 72  1 14 49  1  6 67 67 67 67 67 67 55 AA  0 72  1 14 59  1  1  9 55 AA  0 72  1 14 49  2  A 69 69 69 69 69 69 69 69 69 69 55 AA  0 72  1 14 59  2  1  6 55 AA  0 72  1 14 49  3  A 73 73 73 73 73 73 73 73 73 73 55 AA  0 72  1 14 59  3  1  7 55 AA  0 72  1 14 49  4  A 75 75 75 75 75 75 75 75 75 75 55 AA  0 72  1 14 59  4  1  8 55 AA  0 72  1 14 49  5  A 77 77 77 77 77 77 77 77 77 77 55 AA  0 72  1 14 59  5  1  9 55 AA  0 72  1 14 49  6  5 78 78 78 78 78 55 AA  0 72  1 14 59  6  1  8
180629T19:21:31.938226mb ####  
180629T19:21:31.938226mb #### select directory dirdirdir 
180629T19:21:31.938226mb >> 55 AA  0 6E  1 14 49  0 10 64 69 72 64 69 72 64 69 72 20 20 20 20 20 20 20 55 AA  0 6E  1 14 59  0  1  1 55 AA  0 6E  1 14 2E  0  1 13
180629T19:22:01.094335mb #### (no file) 
180629T19:22:01.094335mb >> 55 AA  0 6E  1 14 49  0  9 64 69 72 64 69 72 64 69 72 55 AA  0 6E  1 14 59  0  1  2 55 AA  0 6E  1 14 49  1  6 67 67 67 67 67 67 55 AA  0 6E  1 14 59  1  1  9 55 AA  0 6E  1 14 49  2  A 69 69 69 69 69 69 69 69 69 69 55 AA  0 6E  1 14 59  2  1  6 55 AA  0 6E  1 14 49  3  A 73 73 73 73 73 73 73 73 73 73 55 AA  0 6E  1 14 59  3  1  7 55 AA  0 6E  1 14 49  4  A 75 75 75 75 75 75 75 75 75 75 55 AA  0 6E  1 14 59  4  1  8 55 AA  0 6E  1 14 49  5  A 77 77 77 77 77 77 77 77 77 77 55 AA  0 6E  1 14 59  5  1  9 55 AA  0 6E  1 14 49  6  5 78 78 78 78 78 55 AA  0 6E  1 14 59  6  1  8
180629T19:23:07.893202mb #### (back (<)) 
180629T19:23:07.893202mb #### back(<) 
180629T19:23:07.893202mb >> 55 AA  0 72  1 16  2  0  1  1 55 AA  0 72  1 16  0  0  1  1 55 AA  0 72  1 16  1  0  1  0 55 AA  0 72  1 13  0  0  1  0 55 AA  0 72  1 13  1  0  1  0 55 AA  0 72  1 13  2  0  1  1 55 AA  0 72  1 13  3  0  1  1 55 AA  0 72  1 13  4  0  1  0 55 AA  0 72  1 17  2  0  1  5 55 AA  0 72  1 17  0  0  1  1 55 AA  0 72  1 10  A  0  1  0 55 AA  0 72  1 10  C  0  1  0 55 AA  0 72  1 10  B  0  1  0 55 AA  0 72  1 13 40  0  1  1
180629T19:23:28.034934mb ####  
180629T19:23:28.034934mb ####  
180629T19:23:28.034934mb #### remove usb 
180629T19:23:28.034934mb >> 55 AA  0 6E  1 70  1  0  1  0
180629T19:25:56.087384mb ####  
180629T19:25:56.087384mb ####  
180629T19:25:56.087384mb #### insert usb 
180629T19:25:56.087384mb >> 55 AA  0 6E  1 70  1  0  1  1
180629T19:26:10.413153mb ####  
180629T19:26:10.413153mb #### rename file 
180629T19:26:10.413153mb >> 55 AA  0 72  1 14 49  0  9 64 69 72 64 69 72 64 69 72 55 AA  0 72  1 14 59  0  1  2 55 AA  0 72  1 14 49  1  6 67 67 67 67 67 67 55 AA  0 72  1 14 59  1  1  9 55 AA  0 72  1 14 49  2  A 69 69 69 69 69 69 69 69 69 69 55 AA  0 72  1 14 59  2  1  6 55 AA  0 72  1 14 49  3  A 73 73 73 73 73 73 73 73 73 73 55 AA  0 72  1 14 59  3  1  7 55 AA  0 72  1 14 49  4  A 75 75 75 75 75 75 75 75 75 75 55 AA  0 72  1 14 59  4  1  8 55 AA  0 72  1 14 49  5  A 77 77 77 77 77 77 77 77 77 77 55 AA  0 72  1 14 59  5  1  9 55 AA  0 72  1 14 49  6  5 78 78 78 78 78 55 AA  0 72  1 14 59  6  1  8
180629T19:26:26.805451mb ####  
180629T19:26:26.805451mb #### select dirdirdir 
180629T19:26:26.805451mb >> 55 AA  0 6E  1 14 49  0 10 64 69 72 64 69 72 64 69 72 20 20 20 20 20 20 20 55 AA  0 6E  1 14 59  0  1  1 55 AA  0 6E  1 14 49  1  4 75 75 75 75 55 AA  0 6E  1 14 59  1  1  8 55 AA  0 6E  1 14 49  2  4 77 77 77 77 55 AA  0 6E  1 14 59  2  1  9
180629T19:27:25.581631mb ####  
180629T19:27:25.581631mb #### select wwwww.WAV 
180629T19:27:25.581631mb ####  
180629T19:27:25.581631mb #### name = 1234567 
180629T19:27:25.581631mb >> 55 AA  0 71  1 14 69 FF  7 31 32 33 34 35 36 37 55 AA  0 6E  1 14 49  0  9 64 69 72 64 69 72 64 69 72 55 AA  0 6E  1 14 59  0  1  2 55 AA  0 6E  1 14 49  1  6 67 67 67 67 67 67 55 AA  0 6E  1 14 59  1  1  9 55 AA  0 6E  1 14 49  2  A 69 69 69 69 69 69 69 69 69 69 55 AA  0 6E  1 14 59  2  1  6 55 AA  0 6E  1 14 49  3  A 73 73 73 73 73 73 73 73 73 73 55 AA  0 6E  1 14 59  3  1  7 55 AA  0 6E  1 14 49  4  A 75 75 75 75 75 75 75 75 75 75 55 AA  0 6E  1 14 59  4  1  8 55 AA  0 6E  1 14 49  5  A 77 77 77 77 77 77 77 77 77 77 55 AA  0 6E  1 14 59  5  1  9 55 AA  0 6E  1 14 49  6  5 78 78 78 78 78 55 AA  0 6E  1 14 59  6  1  8
180629T19:27:28.779769mb >> 55 AA  0 72  1 16  2  0  1  1 55 AA  0 72  1 16  0  0  1  1 55 AA  0 72  1 16  1  0  1  0 55 AA  0 72  1 13  0  0  1  0 55 AA  0 72  1 13  1  0  1  0 55 AA  0 72  1 13  2  0  1  1 55 AA  0 72  1 13  3  0  1  1 55 AA  0 72  1 13  4  0  1  0 55 AA  0 72  1 17  2  0  1  5 55 AA  0 72  1 17  0  0  1  1 55 AA  0 72  1 10  A  0  1  0 55 AA  0 72  1 10  C  0  1  0 55 AA  0 72  1 10  B  0  1  0 55 AA  0 72  1 13 40  0  1  1
180629T19:27:59.837720mb ####  
180629T19:27:59.837720mb #### delete file 
180629T19:27:59.837720mb >> 55 AA  0 72  1 14 4A  0  9 64 69 72 64 69 72 64 69 72 55 AA  0 72  1 14 5A  0  1  2 55 AA  0 72  1 14 4A  1  6 67 67 67 67 67 67 55 AA  0 72  1 14 5A  1  1  9 55 AA  0 72  1 14 4A  2  A 69 69 69 69 69 69 69 69 69 69 55 AA  0 72  1 14 5A  2  1  6 55 AA  0 72  1 14 4A  3  A 73 73 73 73 73 73 73 73 73 73 55 AA  0 72  1 14 5A  3  1  7 55 AA  0 72  1 14 4A  4  A 75 75 75 75 75 75 75 75 75 75 55 AA  0 72  1 14 5A  4  1  8 55 AA  0 72  1 14 4A  5  A 77 77 77 77 77 77 77 77 77 77 55 AA  0 72  1 14 5A  5  1  9 55 AA  0 72  1 14 4A  6  5 78 78 78 78 78 55 AA  0 72  1 14 5A  6  1  8
180629T19:28:34.933373mb ####  
180629T19:28:34.933373mb #### select xxxxx.MP3 
180629T19:28:34.933373mb ####  
180629T19:28:34.933373mb #### YES 
180629T19:28:34.933373mb >> 55 AA  0 71  1 14 6A FF  0 55 AA  0 6E  1 14 4A  0  9 64 69 72 64 69 72 64 69 72 55 AA  0 6E  1 14 5A  0  1  2 55 AA  0 6E  1 14 4A  1  6 67 67 67 67 67 67 55 AA  0 6E  1 14 5A  1  1  9 55 AA  0 6E  1 14 4A  2  A 69 69 69 69 69 69 69 69 69 69 55 AA  0 6E  1 14 5A  2  1  6 55 AA  0 6E  1 14 4A  3  A 73 73 73 73 73 73 73 73 73 73 55 AA  0 6E  1 14 5A  3  1  7 55 AA  0 6E  1 14 4A  4  A 75 75 75 75 75 75 75 75 75 75 55 AA  0 6E  1 14 5A  4  1  8 55 AA  0 6E  1 14 4A  5  A 77 77 77 77 77 77 77 77 77 77 55 AA  0 6E  1 14 5A  5  1  9
180629T19:28:38.119461mb >> 55 AA  0 72  1 16  2  0  1  1 55 AA  0 72  1 16  0  0  1  1 55 AA  0 72  1 16  1  0  1  0 55 AA  0 72  1 13  0  0  1  0 55 AA  0 72  1 13  1  0  1  0 55 AA  0 72  1 13  2  0  1  1 55 AA  0 72  1 13  3  0  1  1 55 AA  0 72  1 13  4  0  1  0 55 AA  0 72  1 17  2  0  1  5 55 AA  0 72  1 17  0  0  1  1 55 AA  0 72  1 10  A  0  1  0 55 AA  0 72  1 10  C  0  1  0 55 AA  0 72  1 10  B  0  1  0 55 AA  0 72  1 13 40  0  1  1
180629T19:28:57.307557mb ####  
180629T19:28:57.307557mb #### delete file 
180629T19:28:57.307557mb >> 55 AA  0 72  1 14 4A  0  9 64 69 72 64 69 72 64 69 72 55 AA  0 72  1 14 5A  0  1  2 55 AA  0 72  1 14 4A  1  6 67 67 67 67 67 67 55 AA  0 72  1 14 5A  1  1  9 55 AA  0 72  1 14 4A  2  A 69 69 69 69 69 69 69 69 69 69 55 AA  0 72  1 14 5A  2  1  6 55 AA  0 72  1 14 4A  3  A 73 73 73 73 73 73 73 73 73 73 55 AA  0 72  1 14 5A  3  1  7 55 AA  0 72  1 14 4A  4  A 75 75 75 75 75 75 75 75 75 75 55 AA  0 72  1 14 5A  4  1  8 55 AA  0 72  1 14 4A  5  A 77 77 77 77 77 77 77 77 77 77 55 AA  0 72  1 14 5A  5  1  9
180629T19:29:39.879146mb ####  
180629T19:29:39.879146mb #### select gggggg.WAV 
180629T19:29:39.879146mb ####  
180629T19:29:39.879146mb #### NO 
180629T19:29:39.879146mb >> 55 AA  0 72  1 14 4A  0  9 64 69 72 64 69 72 64 69 72 55 AA  0 72  1 14 5A  0  1  2 55 AA  0 72  1 14 4A  1  6 67 67 67 67 67 67 55 AA  0 72  1 14 5A  1  1  9 55 AA  0 72  1 14 4A  2  A 69 69 69 69 69 69 69 69 69 69 55 AA  0 72  1 14 5A  2  1  6 55 AA  0 72  1 14 4A  3  A 73 73 73 73 73 73 73 73 73 73 55 AA  0 72  1 14 5A  3  1  7 55 AA  0 72  1 14 4A  4  A 75 75 75 75 75 75 75 75 75 75 55 AA  0 72  1 14 5A  4  1  8 55 AA  0 72  1 14 4A  5  A 77 77 77 77 77 77 77 77 77 77 55 AA  0 72  1 14 5A  5  1  9
180629T19:30:37.084927mb ####  
180629T19:30:37.084927mb ####  
180629T19:30:37.084927mb #### back all the way to sound mode 
180629T19:30:37.084927mb >> 55 AA  0 72  1 16  2  0  1  1 55 AA  0 72  1 16  0  0  1  1 55 AA  0 72  1 16  1  0  1  0 55 AA  0 72  1 13  0  0  1  0 55 AA  0 72  1 13  1  0  1  0 55 AA  0 72  1 13  2  0  1  1 55 AA  0 72  1 13  3  0  1  1 55 AA  0 72  1 13  4  0  1  0 55 AA  0 72  1 17  2  0  1  5 55 AA  0 72  1 17  0  0  1  1 55 AA  0 72  1 10  A  0  1  0 55 AA  0 72  1 10  C  0  1  0 55 AA  0 72  1 10  B  0  1  0 55 AA  0 72  1 13 40  0  1  1
180629T19:30:39.086174mb >> 55 AA  0 72  1  8  0  0  1  1 55 AA  0 72  1  9  0  0  1  1 55 AA  0 72  1 10  0  0  1  0
180629T19:31:12.645208mb ####  
180629T19:31:12.645208mb #### settings 
180629T19:31:12.645208mb >> 55 AA  0 72  1  8  0  0  1  1 55 AA  0 72  1  9  0  0  1  1 55 AA  0 72  1 10  0  0  1  0
180629T19:31:41.416531mb ####  
180629T19:31:41.416531mb ####  
180629T19:31:41.416531mb #### virtual technician 
180629T19:31:41.416531mb >> 55 AA  0 72  1 11  0  0  1  2 55 AA  0 72  1 11  1  0  1  0 55 AA  0 72  1 11  2  0  1  5 55 AA  0 72  1 11  3  0  1  5 55 AA  0 72  1 11  4  0  1  5 55 AA  0 72  1 11  5  0  1  5 55 AA  0 72  1 11  6  0  1  1 55 AA  0 72  1 11  7  0  1  5 55 AA  0 72  1 11  8  0  1  5 55 AA  0 72  1 11  9  0  1  0 55 AA  0 72  1 11  A  0  1  3 55 AA  0 72  1 11  B  0  1  5 55 AA  0 72  1 11  C  0  1  1 55 AA  0 72  1 11  D  0  1  1 55 AA  0 72  1 11  E  0  1  0 55 AA  0 72  1 11  F  0  1  0 55 AA  0 72  1 11 10  0  1  0 55 AA  0 72  1 11 11  0  1  5 55 AA  0 72  1 11 12  0  1  3
180629T19:32:48.743995mb ####  
180629T19:32:48.743995mb ####  
180629T19:32:48.743995mb #### store to sound 
180629T19:32:48.743995mb ####  
180629T19:32:48.743995mb #### back all the way to sound mode 
180629T19:32:48.743995mb >> 55 AA  0 72  1  8  0  0  1  1 55 AA  0 72  1  9  0  0  1  1 55 AA  0 72  1 10  0  0  1  0
180629T19:33:10.182303mb ####  
180629T19:33:10.182303mb #### pianist mode button 
180629T19:33:10.182303mb >> 55 AA  0 6E  1  A  0  0  1  0 55 AA  0 6E  1  8  0  0  1  1 55 AA  0 6E  1  9  0  0  1  1 55 AA  0 6E  1  4  0  0  1  0 55 AA  0 6E  1  4  1  0  1  5 55 AA  0 6E  1  A  0  0  1  0 55 AA  0 6E  1  A  1  0  2  0 78 55 AA  0 6E  1  A  2  0  1  3 55 AA  0 6E  1  A  3  0  1  B 55 AA  0 6E  1  8  0  0  1  0 55 AA  0 6E  1  9  0  0  1  0 55 AA  0 6E  1 10  0  0  1  0
180629T19:33:19.146368mb ####  
180629T19:33:19.146368mb #### settings 
180629T19:33:19.146368mb >> 55 AA  0 72  1  4  2  0  1  0 55 AA  0 72  1  4  3  0  1  5
180629T19:33:31.201694mb ####  
180629T19:33:31.201694mb #### virtual technician 
180629T19:33:31.201694mb >> 55 AA  0 72  1 11  0  0  1  2 55 AA  0 72  1 11  1  0  1  0 55 AA  0 72  1 11  3  0  1  5 55 AA  0 72  1 11  8  0  1  5 55 AA  0 72  1 11  9  0  1  0 55 AA  0 72  1 11  C  0  1  1 55 AA  0 72  1 11 10  0  1  0 55 AA  0 72  1 11 11  0  1  5 55 AA  0 72  1 11 12  0  1  3
180629T19:35:13.083026mb ####  
180629T19:35:13.083026mb #### store to sound 
180629T19:35:13.083026mb ####  
180629T19:35:13.083026mb #### switch off 
180629T19:35:13.083026mb >> DF  0  2  3 24  4  0  4  0  4  0  0  0  0
180629T19:36:12.195220mb ####  
180629T19:36:12.195220mb ####  
180629T19:36:12.195220mb #### switch on, all pedals down 
180629T19:36:12.195220mb >> 55 AA  0 71  1 7F 7F  0  1  0 55 AA  0 6E  1 7F  4  0  0
180629T19:36:37.076319mb ####  
180629T19:36:37.076319mb #### update now 
180629T19:36:37.076319mb >> 55 AA  0 6E  1 64  0  0  1  1
180629T19:38:07.255991mb ####  
180629T19:38:07.255991mb #### error: no USB 
180629T19:38:07.255991mb #### insert usb 
180629T19:38:07.255991mb #### switch off 
180629T19:38:07.255991mb >> 5F 3C 20 91 80  4  0 10 20 41  0  8  0  0  8  0  0  0  0
180629T19:39:03.758952mb ####  
180629T19:39:03.758952mb #### switch on, pedals 1 + 2 down 
180629T19:39:03.758952mb >> 55 AA  0 71  1 7F 7F  0  1  0 55 AA  0 6E  1 7F  0  0  0
180629T19:41:31.426025mb ####  
180629T19:41:31.426025mb #### mode 0 lcd 
180629T19:41:31.426025mb ####  
180629T19:41:31.426025mb #### white 
180629T19:41:31.426025mb #### Menu 
180629T19:41:31.426025mb #### mode 1: pedal, volume, keyboard, midi, usb-midi 
180629T19:41:31.426025mb >> 55 AA  0 6E  1 70  3  0  1  0
180629T19:42:17.832390mb ####  
180629T19:42:17.832390mb >> 55 AA  0 6E  1 60 41  0  1  5 55 AA  0 6E  1 60 41  0  1  A 55 AA  0 6E  1 60 41  0  1  F 55 AA  0 6E  1 60 41  0  1 14 55 AA  0 6E  1 60 41  0  1 19 55 AA  0 6E  1 60 41  0  1 1F 55 AA  0 6E  1 60 41  0  1 24 55 AA  0 6E  1 60 41  0  1 29 55 AA  0 6E  1 60 41  0  1 2F 55 AA  0 6E  1 60 41  0  1 34 55 AA  0 6E  1 60 41  0  1 39 55 AA  0 6E  1 60 41  0  1 3F 55 AA  0 6E  1 60 41  0  1 49 55 AA  0 6E  1 60 41  0  1 4F 55 AA  0 6E  1 60 41  0  1 54 55 AA  0 6E  1 60 41  0  1 59 55 AA  0 6E  1 60 41  0  1 5F 55 AA  0 6E  1 60 41  0  1 64 55 AA  0 6E  1 60 41  0  1 69 55 AA  0 6E  1 60 41  0  1 6F 55 AA  0 6E  1 60 41  0  1 74 55 AA  0 6E  1 60 41  0  1 79 55 AA  0 6E  1 60 41  0  1 7F
180629T19:42:18.160664mb >> 55 AA  0 6E  1 60 41  0  1 79 55 AA  0 6E  1 60 41  0  1 74 55 AA  0 6E  1 60 41  0  1 6F 55 AA  0 6E  1 60 41  0  1 69 55 AA  0 6E  1 60 41  0  1 64 55 AA  0 6E  1 60 41  0  1 5F 55 AA  0 6E  1 60 41  0  1 59 55 AA  0 6E  1 60 41  0  1 54 55 AA  0 6E  1 60 41  0  1 49 55 AA  0 6E  1 60 41  0  1 44 55 AA  0 6E  1 60 41  0  1 3F 55 AA  0 6E  1 60 41  0  1 39 55 AA  0 6E  1 60 41  0  1 34 55 AA  0 6E  1 60 41  0  1 2F 55 AA  0 6E  1 60 41  0  1 29 55 AA  0 6E  1 60 41  0  1 24 55 AA  0 6E  1 60 41  0  1 1F 55 AA  0 6E  1 60 41  0  1 19 55 AA  0 6E  1 60 41  0  1 14 55 AA  0 6E  1 60 41  0  1  A 55 AA  0 6E  1 60 41  0  1  7 55 AA  0 6E  1 60 41  0  1  5 55 AA  0 6E  1 60 41  0  1  0
180629T19:43:09.587276mb #### (pressed pedal 3) 
180629T19:43:09.587276mb #### press pedal 2 
180629T19:43:09.587276mb >> 55 AA  0 6E  1 60 41  1  1 7F
180629T19:43:10.627927mb >> 55 AA  0 6E  1 60 41  1  1  0
180629T19:43:28.111771mb ####  
180629T19:43:28.111771mb #### press pedal 1 
180629T19:43:28.111771mb >> 55 AA  0 6E  1 60 41  2  1 7F
180629T19:43:29.552698mb >> 55 AA  0 6E  1 60 41  2  1  0
180629T19:44:43.090424mb ####  
180629T19:44:43.090424mb #### main volume low, than high, then medium 
180629T19:44:43.090424mb >> 55 AA  0 6E  1 60 41  3  1 5D 55 AA  0 6E  1 60 41  3  1 5E 55 AA  0 6E  1 60 41  3  1 5F 55 AA  0 6E  1 60 41  3  1 60 55 AA  0 6E  1 60 41  3  1 62 55 AA  0 6E  1 60 41  3  1 63 55 AA  0 6E  1 60 41  3  1 64 55 AA  0 6E  1 60 41  3  1 65 55 AA  0 6E  1 60 41  3  1 66 55 AA  0 6E  1 60 41  3  1 67 55 AA  0 6E  1 60 41  3  1 68 55 AA  0 6E  1 60 41  3  1 69 55 AA  0 6E  1 60 41  3  1 6B 55 AA  0 6E  1 60 41  3  1 6C 55 AA  0 6E  1 60 41  3  1 6D 55 AA  0 6E  1 60 41  3  1 6E 55 AA  0 6E  1 60 41  3  1 6F 55 AA  0 6E  1 60 41  3  1 70 55 AA  0 6E  1 60 41  3  1 71 55 AA  0 6E  1 60 41  3  1 72 55 AA  0 6E  1 60 41  3  1 74 55 AA  0 6E  1 60 41  3  1 75 55 AA  0 6E  1 60 41  3  1 76 55 AA  0 6E  1 60 41  3  1 77 55 AA  0 6E  1 60 41  3  1 78 55 AA  0 6E  1 60 41  3  1 79 55 AA  0 6E  1 60 41  3  1 7A 55 AA  0 6E  1 60 41  3  1 7B
180629T19:44:44.291170mb >> 55 AA  0 6E  1 60 41  3  1 7D
180629T19:44:44.595429mb >> 55 AA  0 6E  1 60 41  3  1 7E
180629T19:44:44.835603mb >> 55 AA  0 6E  1 60 41  3  1 7F
180629T19:44:47.541415mb >> 55 AA  0 6E  1 60 41  3  1 7E
180629T19:44:47.781549mb >> 55 AA  0 6E  1 60 41  3  1 7D
180629T19:44:47.973679mb >> 55 AA  0 6E  1 60 41  3  1 7B 55 AA  0 6E  1 60 41  3  1 7A 55 AA  0 6E  1 60 41  3  1 79 55 AA  0 6E  1 60 41  3  1 78 55 AA  0 6E  1 60 41  3  1 77 55 AA  0 6E  1 60 41  3  1 76 55 AA  0 6E  1 60 41  3  1 75 55 AA  0 6E  1 60 41  3  1 74 55 AA  0 6E  1 60 41  3  1 72 55 AA  0 6E  1 60 41  3  1 71 55 AA  0 6E  1 60 41  3  1 70 55 AA  0 6E  1 60 41  3  1 6F 55 AA  0 6E  1 60 41  3  1 6E 55 AA  0 6E  1 60 41  3  1 6D 55 AA  0 6E  1 60 41  3  1 6C 55 AA  0 6E  1 60 41  3  1 6B 55 AA  0 6E  1 60 41  3  1 69 55 AA  0 6E  1 60 41  3  1 68 55 AA  0 6E  1 60 41  3  1 67 55 AA  0 6E  1 60 41  3  1 66 55 AA  0 6E  1 60 41  3  1 65 55 AA  0 6E  1 60 41  3  1 64 55 AA  0 6E  1 60 41  3  1 63 55 AA  0 6E  1 60 41  3  1 62 55 AA  0 6E  1 60 41  3  1 60 55 AA  0 6E  1 60 41  3  1 5F 55 AA  0 6E  1 60 41  3  1 5E 55 AA  0 6E  1 60 41  3  1 5D 55 AA  0 6E  1 60 41  3  1 5C 55 AA  0 6E  1 60 41  3  1 5B 55 AA  0 6E  1 60 41  3  1 5A 55 AA  0 6E  1 60 41  3  1 59 55 AA  0 6E  1 60 41  3  1 57 55 AA  0 6E  1 60 41  3  1 56 55 AA  0 6E  1 60 41  3  1 55 55 AA  0 6E  1 60 41  3  1 54 55 AA  0 6E  1 60 41  3  1 53 55 AA  0 6E  1 60 41  3  1 52 55 AA  0 6E  1 60 41  3  1 51 55 AA  0 6E  1 60 41  3  1 50 55 AA  0 6E  1 60 41  3  1 4E 55 AA  0 6E  1 60 41  3  1 4D 55 AA  0 6E  1 60 41  3  1 4C 55 AA  0 6E  1 60 41  3  1 4B 55 AA  0 6E  1 60 41  3  1 4A 55 AA  0 6E  1 60 41  3  1 49 55 AA  0 6E  1 60 41  3  1 48 55 AA  0 6E  1 60 41  3  1 47 55 AA  0 6E  1 60 41  3  1 45 55 AA  0 6E  1 60 41  3  1 44 55 AA  0 6E  1 60 41  3  1 43 55 AA  0 6E  1 60 41  3  1 42 55 AA  0 6E  1 60 41  3  1 41 55 AA  0 6E  1 60 41  3  1 40 55 AA  0 6E  1 60 41  3  1 3F 55 AA  0 6E  1 60 41  3  1 3E 55 AA  0 6E  1 60 41  3  1 3C 55 AA  0 6E  1 60 41  3  1 3B 55 AA  0 6E  1 60 41  3  1 3A 55 AA  0 6E  1 60 41  3  1 39 55 AA  0 6E  1 60 41  3  1 38 55 AA  0 6E  1 60 41  3  1 37 55 AA  0 6E  1 60 41  3  1 36 55 AA  0 6E  1 60 41  3  1 35 55 AA  0 6E  1 60 41  3  1 33 55 AA  0 6E  1 60 41  3  1 32 55 AA  0 6E  1 60 41  3  1 31 55 AA  0 6E  1 60 41  3  1 30 55 AA  0 6E  1 60 41  3  1 2F 55 AA  0 6E  1 60 41  3  1 2E 55 AA  0 6E  1 60 41  3  1 2D 55 AA  0 6E  1 60 41  3  1 2C 55 AA  0 6E  1 60 41  3  1 2A 55 AA  0 6E  1 60 41  3  1 29 55 AA  0 6E  1 60 41  3  1 28 55 AA  0 6E  1 60 41  3  1 27 55 AA  0 6E  1 60 41  3  1 26 55 AA  0 6E  1 60 41  3  1 25 55 AA  0 6E  1 60 41  3  1 24 55 AA  0 6E  1 60 41  3  1 23 55 AA  0 6E  1 60 41  3  1 21 55 AA  0 6E  1 60 41  3  1 20 55 AA  0 6E  1 60 41  3  1 1F 55 AA  0 6E  1 60 41  3  1 1E 55 AA  0 6E  1 60 41  3  1 1D 55 AA  0 6E  1 60 41  3  1 1C 55 AA  0 6E  1 60 41  3  1 1B 55 AA  0 6E  1 60 41  3  1 1A 55 AA  0 6E  1 60 41  3  1 18 55 AA  0 6E  1 60 41  3  1 17 55 AA  0 6E  1 60 41  3  1 16 55 AA  0 6E  1 60 41  3  1 15 55 AA  0 6E  1 60 41  3  1 14 55 AA  0 6E  1 60 41  3  1 13 55 AA  0 6E  1 60 41  3  1 12 55 AA  0 6E  1 60 41  3  1 11 55 AA  0 6E  1 60 41  3  1  F 55 AA  0 6E  1 60 41  3  1  E 55 AA  0 6E  1 60 41  3  1  D 55 AA  0 6E  1 60 41  3  1  C 55 AA  0 6E  1 60 41  3  1  B 55 AA  0 6E  1 60 41  3  1  A 55 AA  0 6E  1 60 41  3  1  9 55 AA  0 6E  1 60 41  3  1  8 55 AA  0 6E  1 60 41  3  1  6 55 AA  0 6E  1 60 41  3  1  5
180629T19:44:50.198860mb >> 55 AA  0 6E  1 60 41  3  1  4 55 AA  0 6E  1 60 41  3  1  3 55 AA  0 6E  1 60 41  3  1  2
180629T19:44:50.535153mb >> 55 AA  0 6E  1 60 41  3  1  1
180629T19:44:50.695252mb >> 55 AA  0 6E  1 60 41  3  1  0
180629T19:44:53.416999mb >> 55 AA  0 6E  1 60 41  3  1  1
180629T19:44:53.529083mb >> 55 AA  0 6E  1 60 41  3  1  2 55 AA  0 6E  1 60 41  3  1  3 55 AA  0 6E  1 60 41  3  1  4 55 AA  0 6E  1 60 41  3  1  5 55 AA  0 6E  1 60 41  3  1  6 55 AA  0 6E  1 60 41  3  1  8 55 AA  0 6E  1 60 41  3  1  9 55 AA  0 6E  1 60 41  3  1  A 55 AA  0 6E  1 60 41  3  1  B 55 AA  0 6E  1 60 41  3  1  C 55 AA  0 6E  1 60 41  3  1  D 55 AA  0 6E  1 60 41  3  1  E 55 AA  0 6E  1 60 41  3  1  F 55 AA  0 6E  1 60 41  3  1 11 55 AA  0 6E  1 60 41  3  1 12 55 AA  0 6E  1 60 41  3  1 13 55 AA  0 6E  1 60 41  3  1 14 55 AA  0 6E  1 60 41  3  1 15 55 AA  0 6E  1 60 41  3  1 16 55 AA  0 6E  1 60 41  3  1 17 55 AA  0 6E  1 60 41  3  1 18 55 AA  0 6E  1 60 41  3  1 1A 55 AA  0 6E  1 60 41  3  1 1B 55 AA  0 6E  1 60 41  3  1 1C 55 AA  0 6E  1 60 41  3  1 1D 55 AA  0 6E  1 60 41  3  1 1E 55 AA  0 6E  1 60 41  3  1 1F 55 AA  0 6E  1 60 41  3  1 20 55 AA  0 6E  1 60 41  3  1 21 55 AA  0 6E  1 60 41  3  1 23 55 AA  0 6E  1 60 41  3  1 24 55 AA  0 6E  1 60 41  3  1 25 55 AA  0 6E  1 60 41  3  1 26 55 AA  0 6E  1 60 41  3  1 27 55 AA  0 6E  1 60 41  3  1 28 55 AA  0 6E  1 60 41  3  1 29 55 AA  0 6E  1 60 41  3  1 2A 55 AA  0 6E  1 60 41  3  1 2C 55 AA  0 6E  1 60 41  3  1 2D 55 AA  0 6E  1 60 41  3  1 2E 55 AA  0 6E  1 60 41  3  1 2F 55 AA  0 6E  1 60 41  3  1 30 55 AA  0 6E  1 60 41  3  1 31 55 AA  0 6E  1 60 41  3  1 32 55 AA  0 6E  1 60 41  3  1 33 55 AA  0 6E  1 60 41  3  1 35 55 AA  0 6E  1 60 41  3  1 36 55 AA  0 6E  1 60 41  3  1 37 55 AA  0 6E  1 60 41  3  1 38 55 AA  0 6E  1 60 41  3  1 39 55 AA  0 6E  1 60 41  3  1 3A 55 AA  0 6E  1 60 41  3  1 3B 55 AA  0 6E  1 60 41  3  1 3C
180629T19:44:54.809867mb >> 55 AA  0 6E  1 60 41  3  1 3E
180629T19:45:31.714831mb ####  
180629T19:45:31.714831mb #### line-in volume high, then low 
180629T19:45:31.714831mb >> 55 AA  0 6E  1 60 41  4  1  1
180629T19:45:31.826937mb >> 55 AA  0 6E  1 60 41  4  1  2 55 AA  0 6E  1 60 41  4  1  3 55 AA  0 6E  1 60 41  4  1  4 55 AA  0 6E  1 60 41  4  1  5 55 AA  0 6E  1 60 41  4  1  6 55 AA  0 6E  1 60 41  4  1  7 55 AA  0 6E  1 60 41  4  1  9 55 AA  0 6E  1 60 41  4  1  A 55 AA  0 6E  1 60 41  4  1  B 55 AA  0 6E  1 60 41  4  1  C 55 AA  0 6E  1 60 41  4  1  D 55 AA  0 6E  1 60 41  4  1  E 55 AA  0 6E  1 60 41  4  1  F 55 AA  0 6E  1 60 41  4  1 10 55 AA  0 6E  1 60 41  4  1 12 55 AA  0 6E  1 60 41  4  1 13 55 AA  0 6E  1 60 41  4  1 14 55 AA  0 6E  1 60 41  4  1 15 55 AA  0 6E  1 60 41  4  1 16 55 AA  0 6E  1 60 41  4  1 17 55 AA  0 6E  1 60 41  4  1 18 55 AA  0 6E  1 60 41  4  1 19 55 AA  0 6E  1 60 41  4  1 1B 55 AA  0 6E  1 60 41  4  1 1C 55 AA  0 6E  1 60 41  4  1 1D 55 AA  0 6E  1 60 41  4  1 1E 55 AA  0 6E  1 60 41  4  1 1F 55 AA  0 6E  1 60 41  4  1 20 55 AA  0 6E  1 60 41  4  1 21 55 AA  0 6E  1 60 41  4  1 22 55 AA  0 6E  1 60 41  4  1 24 55 AA  0 6E  1 60 41  4  1 25 55 AA  0 6E  1 60 41  4  1 26 55 AA  0 6E  1 60 41  4  1 27 55 AA  0 6E  1 60 41  4  1 28 55 AA  0 6E  1 60 41  4  1 29 55 AA  0 6E  1 60 41  4  1 2A 55 AA  0 6E  1 60 41  4  1 2B 55 AA  0 6E  1 60 41  4  1 2D 55 AA  0 6E  1 60 41  4  1 2E 55 AA  0 6E  1 60 41  4  1 2F 55 AA  0 6E  1 60 41  4  1 30 55 AA  0 6E  1 60 41  4  1 31 55 AA  0 6E  1 60 41  4  1 32 55 AA  0 6E  1 60 41  4  1 33 55 AA  0 6E  1 60 41  4  1 34 55 AA  0 6E  1 60 41  4  1 36 55 AA  0 6E  1 60 41  4  1 37 55 AA  0 6E  1 60 41  4  1 38 55 AA  0 6E  1 60 41  4  1 39 55 AA  0 6E  1 60 41  4  1 3A 55 AA  0 6E  1 60 41  4  1 3B 55 AA  0 6E  1 60 41  4  1 3C 55 AA  0 6E  1 60 41  4  1 3D 55 AA  0 6E  1 60 41  4  1 3F 55 AA  0 6E  1 60 41  4  1 40 55 AA  0 6E  1 60 41  4  1 41 55 AA  0 6E  1 60 41  4  1 42 55 AA  0 6E  1 60 41  4  1 43 55 AA  0 6E  1 60 41  4  1 44 55 AA  0 6E  1 60 41  4  1 46 55 AA  0 6E  1 60 41  4  1 47 55 AA  0 6E  1 60 41  4  1 48 55 AA  0 6E  1 60 41  4  1 49 55 AA  0 6E  1 60 41  4  1 4A 55 AA  0 6E  1 60 41  4  1 4B 55 AA  0 6E  1 60 41  4  1 4C 55 AA  0 6E  1 60 41  4  1 4D 55 AA  0 6E  1 60 41  4  1 4F 55 AA  0 6E  1 60 41  4  1 50 55 AA  0 6E  1 60 41  4  1 51 55 AA  0 6E  1 60 41  4  1 52 55 AA  0 6E  1 60 41  4  1 53 55 AA  0 6E  1 60 41  4  1 54 55 AA  0 6E  1 60 41  4  1 55 55 AA  0 6E  1 60 41  4  1 56 55 AA  0 6E  1 60 41  4  1 58 55 AA  0 6E  1 60 41  4  1 59 55 AA  0 6E  1 60 41  4  1 5A 55 AA  0 6E  1 60 41  4  1 5B 55 AA  0 6E  1 60 41  4  1 5C 55 AA  0 6E  1 60 41  4  1 5D 55 AA  0 6E  1 60 41  4  1 5E 55 AA  0 6E  1 60 41  4  1 60 55 AA  0 6E  1 60 41  4  1 61 55 AA  0 6E  1 60 41  4  1 62 55 AA  0 6E  1 60 41  4  1 63 55 AA  0 6E  1 60 41  4  1 64 55 AA  0 6E  1 60 41  4  1 65 55 AA  0 6E  1 60 41  4  1 66 55 AA  0 6E  1 60 41  4  1 67 55 AA  0 6E  1 60 41  4  1 69 55 AA  0 6E  1 60 41  4  1 6A 55 AA  0 6E  1 60 41  4  1 6B 55 AA  0 6E  1 60 41  4  1 6C 55 AA  0 6E  1 60 41  4  1 6D 55 AA  0 6E  1 60 41  4  1 6E 55 AA  0 6E  1 60 41  4  1 6F 55 AA  0 6E  1 60 41  4  1 70 55 AA  0 6E  1 60 41  4  1 72 55 AA  0 6E  1 60 41  4  1 73 55 AA  0 6E  1 60 41  4  1 74 55 AA  0 6E  1 60 41  4  1 75 55 AA  0 6E  1 60 41  4  1 76 55 AA  0 6E  1 60 41  4  1 77 55 AA  0 6E  1 60 41  4  1 78 55 AA  0 6E  1 60 41  4  1 7A 55 AA  0 6E  1 60 41  4  1 7B 55 AA  0 6E  1 60 41  4  1 7C 55 AA  0 6E  1 60 41  4  1 7D 55 AA  0 6E  1 60 41  4  1 7E 55 AA  0 6E  1 60 41  4  1 7F
180629T19:45:34.004137mb >> 55 AA  0 6E  1 60 41  4  1 7E 55 AA  0 6E  1 60 41  4  1 7D 55 AA  0 6E  1 60 41  4  1 7C 55 AA  0 6E  1 60 41  4  1 7B 55 AA  0 6E  1 60 41  4  1 7A 55 AA  0 6E  1 60 41  4  1 78 55 AA  0 6E  1 60 41  4  1 77 55 AA  0 6E  1 60 41  4  1 76 55 AA  0 6E  1 60 41  4  1 75 55 AA  0 6E  1 60 41  4  1 74 55 AA  0 6E  1 60 41  4  1 73 55 AA  0 6E  1 60 41  4  1 72 55 AA  0 6E  1 60 41  4  1 71 55 AA  0 6E  1 60 41  4  1 6F 55 AA  0 6E  1 60 41  4  1 6E 55 AA  0 6E  1 60 41  4  1 6D 55 AA  0 6E  1 60 41  4  1 6C 55 AA  0 6E  1 60 41  4  1 6B 55 AA  0 6E  1 60 41  4  1 6A 55 AA  0 6E  1 60 41  4  1 69 55 AA  0 6E  1 60 41  4  1 68 55 AA  0 6E  1 60 41  4  1 66 55 AA  0 6E  1 60 41  4  1 65 55 AA  0 6E  1 60 41  4  1 64 55 AA  0 6E  1 60 41  4  1 63 55 AA  0 6E  1 60 41  4  1 62 55 AA  0 6E  1 60 41  4  1 61 55 AA  0 6E  1 60 41  4  1 60 55 AA  0 6E  1 60 41  4  1 5F 55 AA  0 6E  1 60 41  4  1 5D 55 AA  0 6E  1 60 41  4  1 5C 55 AA  0 6E  1 60 41  4  1 5B 55 AA  0 6E  1 60 41  4  1 5A 55 AA  0 6E  1 60 41  4  1 59 55 AA  0 6E  1 60 41  4  1 58 55 AA  0 6E  1 60 41  4  1 57 55 AA  0 6E  1 60 41  4  1 56 55 AA  0 6E  1 60 41  4  1 54 55 AA  0 6E  1 60 41  4  1 53 55 AA  0 6E  1 60 41  4  1 52 55 AA  0 6E  1 60 41  4  1 51 55 AA  0 6E  1 60 41  4  1 50 55 AA  0 6E  1 60 41  4  1 4F 55 AA  0 6E  1 60 41  4  1 4E 55 AA  0 6E  1 60 41  4  1 4C 55 AA  0 6E  1 60 41  4  1 4B 55 AA  0 6E  1 60 41  4  1 4A 55 AA  0 6E  1 60 41  4  1 49 55 AA  0 6E  1 60 41  4  1 48 55 AA  0 6E  1 60 41  4  1 47 55 AA  0 6E  1 60 41  4  1 45 55 AA  0 6E  1 60 41  4  1 44 55 AA  0 6E  1 60 41  4  1 43 55 AA  0 6E  1 60 41  4  1 42 55 AA  0 6E  1 60 41  4  1 41 55 AA  0 6E  1 60 41  4  1 40 55 AA  0 6E  1 60 41  4  1 3F 55 AA  0 6E  1 60 41  4  1 3E 55 AA  0 6E  1 60 41  4  1 3C 55 AA  0 6E  1 60 41  4  1 3B 55 AA  0 6E  1 60 41  4  1 3A 55 AA  0 6E  1 60 41  4  1 39 55 AA  0 6E  1 60 41  4  1 38 55 AA  0 6E  1 60 41  4  1 37 55 AA  0 6E  1 60 41  4  1 36 55 AA  0 6E  1 60 41  4  1 35 55 AA  0 6E  1 60 41  4  1 33 55 AA  0 6E  1 60 41  4  1 32 55 AA  0 6E  1 60 41  4  1 31 55 AA  0 6E  1 60 41  4  1 30 55 AA  0 6E  1 60 41  4  1 2F 55 AA  0 6E  1 60 41  4  1 2E 55 AA  0 6E  1 60 41  4  1 2D 55 AA  0 6E  1 60 41  4  1 2B 55 AA  0 6E  1 60 41  4  1 2A 55 AA  0 6E  1 60 41  4  1 29 55 AA  0 6E  1 60 41  4  1 28 55 AA  0 6E  1 60 41  4  1 27 55 AA  0 6E  1 60 41  4  1 26 55 AA  0 6E  1 60 41  4  1 25 55 AA  0 6E  1 60 41  4  1 24 55 AA  0 6E  1 60 41  4  1 22 55 AA  0 6E  1 60 41  4  1 21 55 AA  0 6E  1 60 41  4  1 20 55 AA  0 6E  1 60 41  4  1 1F 55 AA  0 6E  1 60 41  4  1 1E 55 AA  0 6E  1 60 41  4  1 1D 55 AA  0 6E  1 60 41  4  1 1C 55 AA  0 6E  1 60 41  4  1 1A 55 AA  0 6E  1 60 41  4  1 19 55 AA  0 6E  1 60 41  4  1 18 55 AA  0 6E  1 60 41  4  1 17 55 AA  0 6E  1 60 41  4  1 16 55 AA  0 6E  1 60 41  4  1 15 55 AA  0 6E  1 60 41  4  1 13 55 AA  0 6E  1 60 41  4  1 12 55 AA  0 6E  1 60 41  4  1 11 55 AA  0 6E  1 60 41  4  1 10 55 AA  0 6E  1 60 41  4  1  F 55 AA  0 6E  1 60 41  4  1  E 55 AA  0 6E  1 60 41  4  1  D 55 AA  0 6E  1 60 41  4  1  C 55 AA  0 6E  1 60 41  4  1  A 55 AA  0 6E  1 60 41  4  1  9 55 AA  0 6E  1 60 41  4  1  8 55 AA  0 6E  1 60 41  4  1  7 55 AA  0 6E  1 60 41  4  1  6 55 AA  0 6E  1 60 41  4  1  5 55 AA  0 6E  1 60 41  4  1  4 55 AA  0 6E  1 60 41  4  1  3 55 AA  0 6E  1 60 41  4  1  1 55 AA  0 6E  1 60 41  4  1  0
180629T19:48:16.065243mb ####  
180629T19:48:16.065243mb ####  
180629T19:48:16.065243mb #### mode 2: effect, reverb 
180629T19:48:16.065243mb ####  
180629T19:48:16.065243mb #### Effects 
180629T19:48:16.065243mb ####  
180629T19:48:16.065243mb #### Reverb 
180629T19:48:16.065243mb ####  
180629T19:48:16.065243mb #### mode 3: tg all channel 
180629T19:48:16.065243mb ####  
180629T19:48:16.065243mb #### play button 
180629T19:48:16.065243mb >> 55 AA  0 6E  1 60 43  1  1  0
180629T19:48:26.632446mb >> 55 AA  0 6E  1 60 43  1  1  1
180629T19:50:43.156411mb #### stop 
180629T19:50:43.156411mb ####  
180629T19:50:43.156411mb #### mode 4: l/r 
180629T19:50:43.156411mb ####  
180629T19:50:43.156411mb #### L 
180629T19:50:43.156411mb ####  
180629T19:50:43.156411mb #### L 
180629T19:50:43.156411mb ####  
180629T19:50:43.156411mb #### R 
180629T19:50:43.156411mb ####  
180629T19:50:43.156411mb #### R 
180629T19:50:43.156411mb ####  
180629T19:50:43.156411mb #### mode 5: eq level 
180629T19:50:43.156411mb >> 55 AA  0 6E  1 60 46  3  1  1
180629T19:56:37.395669mb #### (fat finger syndrome) 
180629T19:56:37.395669mb #### mode 5: eq level 
180629T19:56:37.395669mb ####  
180629T19:56:37.395669mb ####  1 
180629T19:56:37.395669mb ####  
180629T19:56:37.395669mb #### 1 
180629T19:56:37.395669mb ####  
180629T19:56:37.395669mb #### 2 
180629T19:56:37.395669mb ####  
180629T19:56:37.395669mb #### 2 
180629T19:56:37.395669mb ####  
180629T19:56:37.395669mb #### 3 
180629T19:56:37.395669mb ####  
180629T19:56:37.395669mb #### 3 
180629T19:56:37.395669mb ####  
180629T19:56:37.395669mb #### 4 
180629T19:56:37.395669mb ####  
180629T19:56:37.395669mb #### 4 
180629T19:56:37.395669mb ####  
180629T19:56:37.395669mb #### Play 
180629T19:56:37.395669mb ####  
180629T19:56:37.395669mb #### Play 
180629T19:56:37.395669mb ####  
180629T19:56:37.395669mb #### speaker eq 
180629T19:56:37.395669mb #### (now off) 
180629T19:56:37.395669mb #### 1 
180629T19:56:37.395669mb ####  
180629T19:56:37.395669mb #### 1 
180629T19:56:37.395669mb ####  
180629T19:56:37.395669mb #### 2 
180629T19:56:37.395669mb ####  
180629T19:56:37.395669mb #### 2 
180629T19:56:37.395669mb ####  
180629T19:56:37.395669mb #### mode 6: usb device, bluetooth audio 
180629T19:56:37.395669mb >> 55 AA  0 6E  1 60 46  3  1  1
180629T19:57:20.720823mb ####  
180629T19:57:20.720823mb #### insert usb 
180629T19:57:20.720823mb #### check 
180629T19:57:20.720823mb >> 55 AA  0 6E  1 60 46  1  1  1
180629T19:58:04.622725mb #### (usb memory) 
180629T19:58:04.622725mb #### remove usb 
180629T19:58:04.622725mb #### check 
180629T19:58:04.622725mb >> 55 AA  0 6E  1 60 46  1  1  0
180629T19:58:53.023261mb ####  
180629T19:58:53.023261mb #### No device 
180629T19:58:53.023261mb #### insert keyboard 
180629T19:58:53.023261mb #### check 
180629T19:58:53.023261mb >> 55 AA  0 6E  1 60 46  1  1  0
180629T19:58:56.321501mb >> 55 AA  0 6E  1 60 46  1  1  0
180629T19:58:57.602510mb >> 55 AA  0 6E  1 60 46  1  1  0
180629T19:59:04.022797mb >> 55 AA  0 6E  1 60 46  1  1  0
180629T20:00:07.473722mb ####  
180629T20:00:07.473722mb #### no device 
180629T20:00:07.473722mb ####  
180629T20:00:07.473722mb #### bluetooth audio check 
180629T20:00:07.473722mb #### check 
180629T20:00:07.473722mb >> 55 AA  0 6E  1 60 46  3  1  1
180629T20:00:12.324943mb >> 55 AA  0 6E  1 60 46  3  1  1
180629T20:00:31.938123mb ####  
180629T20:00:31.938123mb #### set factA 
180629T20:00:31.938123mb >> 55 AA  0 6E  1 60 46  3  1  2
180629T20:00:52.624135mb ####  
180629T20:00:52.624135mb #### set factB 
180629T20:00:52.624135mb >> 55 AA  0 6E  1 60 46  3  1  3
180629T20:01:04.311966mb ####  
180629T20:01:04.311966mb #### set product 
180629T20:01:04.311966mb >> 55 AA  0 6E  1 60 46  3  1  1
180629T20:01:17.104713mb ####  
180629T20:01:17.104713mb #### check 
180629T20:01:17.104713mb >> 55 AA  0 6E  1 60 46  3  1  1
180629T20:04:56.420793mb ####  
180629T20:04:56.420793mb ####  
180629T20:04:56.420793mb #### mode 7:max touch 
180629T20:04:56.420793mb ####  
180629T20:04:56.420793mb #### piano 
180629T20:04:56.420793mb ####  
180629T20:04:56.420793mb #### church organ 
180629T20:04:56.420793mb ####  
180629T20:04:56.420793mb #### < 
180629T20:04:56.420793mb #### > 
180629T20:04:56.420793mb #### (changed piano) 
180629T20:04:56.420793mb #### mode 8:tone check 
180629T20:04:56.420793mb >> 55 AA  0 6E  1 60 48  1  C 53 4B 20 43 6F 6E 63 65 72 74 47 64
180629T20:05:59.359044mb ####  
180629T20:05:59.359044mb #### -1 
180629T20:05:59.359044mb #### -10 
180629T20:05:59.359044mb #### 1 
180629T20:05:59.359044mb >> 55 AA  0 6E  1 60 48  1  C 45 58 20 43 6F 6E 63 65 72 74 47 64
180629T20:06:00.431645mb >> 55 AA  0 6E  1 60 48  1  C 53 4B 2D 35 20 47 72 61 6E 64 50 6F
180629T20:06:00.831947mb >> 55 AA  0 6E  1 60 48  1  C 4A 61 7A 7A 20 43 6C 65 61 6E 20 20
180629T20:06:01.280243mb >> 55 AA  0 6E  1 60 48  1  C 4A 61 7A 7A 20 4F 6C 64 20 53 63 6C
180629T20:06:15.241697mb ####  
180629T20:06:15.241697mb #### 10 
180629T20:06:15.241697mb >> 55 AA  0 6E  1 60 48  1  C 42 6F 6F 67 69 65 20 50 69 61 6E 6F
180629T20:06:45.966305mb #### (boogie pano) 
180629T20:06:45.966305mb >> 55 AA  0 6E  1 60 48  1  C 48 6F 6E 6B 79 20 54 6F 6E 6B 20 20
180629T20:07:00.039716mb ####  
180629T20:07:00.039716mb #### (honky tonk) 
180629T20:07:00.039716mb >> 55 AA  0 6E  1 60 48  1  C 42 6C 75 65 73 20 4F 72 67 61 6E 20
180629T20:07:21.398241mb ####  
180629T20:07:21.398241mb #### Blues organ 
180629T20:07:21.398241mb ####  
180629T20:07:21.398241mb >> 55 AA  0 6E  1 60 48  1  C 44 69 61 70 61 73 6F 6E 5F 4F 63 2E
180629T20:09:12.256783mb #### (diapason_Oc) 
180629T20:09:12.256783mb #### mode 9: keyboard s1, s2, s3, a/d raw value 
180629T20:09:12.256783mb ####  
180629T20:09:12.256783mb #### key 1 
180629T20:09:12.256783mb >> 55 AA  0 6E  1 60 49  0  2 15 7F
180629T20:09:13.089426mb >> 55 AA  0 6E  1 60 49  1  2 15 7F
180629T20:09:17.956657mb >> 55 AA  0 6E  1 60 49  1  2 15  0
180629T20:09:19.413731mb >> 55 AA  0 6E  1 60 49  0  2 15  0
180629T20:09:44.086247mb ####  
180629T20:09:44.086247mb #### key 16 
180629T20:09:44.086247mb >> 55 AA  0 6E  1 60 49  0  2 24 7F
180629T20:09:46.423937mb >> 55 AA  0 6E  1 60 49  1  2 24 7F
180629T20:09:48.777489mb >> 55 AA  0 6E  1 60 49  2  2 24 7F
180629T20:09:48.921555mb >> 55 AA  0 6E  1 60 49  2  2 24  0
180629T20:09:52.812268mb >> 55 AA  0 6E  1 60 49  1  2 24  0
180629T20:09:56.782844mb >> 55 AA  0 6E  1 60 49  0  2 24  0
180629T20:10:31.046031mb ####  
180629T20:10:31.046031mb #### pedal 3 
180629T20:10:31.046031mb >> 55 AA  0 6E  1 60 49  3  1 78 55 AA  0 6E  1 60 49  3  1 76 55 AA  0 6E  1 60 49  3  1 75 55 AA  0 6E  1 60 49  3  1 74 55 AA  0 6E  1 60 49  3  1 73 55 AA  0 6E  1 60 49  3  1 72 55 AA  0 6E  1 60 49  3  1 71 55 AA  0 6E  1 60 49  3  1 70 55 AA  0 6E  1 60 49  3  1 6F 55 AA  0 6E  1 60 49  3  1 6D 55 AA  0 6E  1 60 49  3  1 6C 55 AA  0 6E  1 60 49  3  1 6B 55 AA  0 6E  1 60 49  3  1 6A 55 AA  0 6E  1 60 49  3  1 69 55 AA  0 6E  1 60 49  3  1 68 55 AA  0 6E  1 60 49  3  1 67 55 AA  0 6E  1 60 49  3  1 65 55 AA  0 6E  1 60 49  3  1 64 55 AA  0 6E  1 60 49  3  1 63 55 AA  0 6E  1 60 49  3  1 62 55 AA  0 6E  1 60 49  3  1 61 55 AA  0 6E  1 60 49  3  1 60 55 AA  0 6E  1 60 49  3  1 5F 55 AA  0 6E  1 60 49  3  1 5D 55 AA  0 6E  1 60 49  3  1 5C 55 AA  0 6E  1 60 49  3  1 5B 55 AA  0 6E  1 60 49  3  1 5A 55 AA  0 6E  1 60 49  3  1 59 55 AA  0 6E  1 60 49  3  1 58 55 AA  0 6E  1 60 49  3  1 57 55 AA  0 6E  1 60 49  3  1 56 55 AA  0 6E  1 60 49  3  1 54 55 AA  0 6E  1 60 49  3  1 53 55 AA  0 6E  1 60 49  3  1 52 55 AA  0 6E  1 60 49  3  1 51 55 AA  0 6E  1 60 49  3  1 50 55 AA  0 6E  1 60 49  3  1 4F 55 AA  0 6E  1 60 49  3  1 4E 55 AA  0 6E  1 60 49  3  1 4D 55 AA  0 6E  1 60 49  3  1 4B 55 AA  0 6E  1 60 49  3  1 4A 55 AA  0 6E  1 60 49  3  1 49 55 AA  0 6E  1 60 49  3  1 48 55 AA  0 6E  1 60 49  3  1 47 55 AA  0 6E  1 60 49  3  1 46 55 AA  0 6E  1 60 49  3  1 45 55 AA  0 6E  1 60 49  3  1 44 55 AA  0 6E  1 60 49  3  1 42 55 AA  0 6E  1 60 49  3  1 41 55 AA  0 6E  1 60 49  3  1 40 55 AA  0 6E  1 60 49  3  1 3F 55 AA  0 6E  1 60 49  3  1 3E 55 AA  0 6E  1 60 49  3  1 3D 55 AA  0 6E  1 60 49  3  1 3C 55 AA  0 6E  1 60 49  3  1 3B 55 AA  0 6E  1 60 49  3  1 39 55 AA  0 6E  1 60 49  3  1 38 55 AA  0 6E  1 60 49  3  1 37 55 AA  0 6E  1 60 49  3  1 36 55 AA  0 6E  1 60 49  3  1 35 55 AA  0 6E  1 60 49  3  1 34 55 AA  0 6E  1 60 49  3  1 33 55 AA  0 6E  1 60 49  3  1 32 55 AA  0 6E  1 60 49  3  1 30 55 AA  0 6E  1 60 49  3  1 2F 55 AA  0 6E  1 60 49  3  1 2E 55 AA  0 6E  1 60 49  3  1 2D 55 AA  0 6E  1 60 49  3  1 2C 55 AA  0 6E  1 60 49  3  1 2B 55 AA  0 6E  1 60 49  3  1 2A 55 AA  0 6E  1 60 49  3  1 29 55 AA  0 6E  1 60 49  3  1 27 55 AA  0 6E  1 60 49  3  1 26 55 AA  0 6E  1 60 49  3  1 25 55 AA  0 6E  1 60 49  3  1 24 55 AA  0 6E  1 60 49  3  1 23 55 AA  0 6E  1 60 49  3  1 22 55 AA  0 6E  1 60 49  3  1 21 55 AA  0 6E  1 60 49  3  1 20 55 AA  0 6E  1 60 49  3  1 1E 55 AA  0 6E  1 60 49  3  1 1D 55 AA  0 6E  1 60 49  3  1 1C 55 AA  0 6E  1 60 49  3  1 1B 55 AA  0 6E  1 60 49  3  1 1A 55 AA  0 6E  1 60 49  3  1 19 55 AA  0 6E  1 60 49  3  1 18 55 AA  0 6E  1 60 49  3  1 17 55 AA  0 6E  1 60 49  3  1 15 55 AA  0 6E  1 60 49  3  1 14 55 AA  0 6E  1 60 49  3  1 13 55 AA  0 6E  1 60 49  3  1 12 55 AA  0 6E  1 60 49  3  1 11 55 AA  0 6E  1 60 49  3  1 10 55 AA  0 6E  1 60 49  3  1  F 55 AA  0 6E  1 60 49  3  1  E 55 AA  0 6E  1 60 49  3  1  C 55 AA  0 6E  1 60 49  3  1  B
180629T20:10:31.846604mb >> 55 AA  0 6E  1 60 49  3  1  A
180629T20:10:32.695067mb >> 55 AA  0 6E  1 60 49  3  1  B 55 AA  0 6E  1 60 49  3  1  C 55 AA  0 6E  1 60 49  3  1  E 55 AA  0 6E  1 60 49  3  1  F 55 AA  0 6E  1 60 49  3  1 10 55 AA  0 6E  1 60 49  3  1 11 55 AA  0 6E  1 60 49  3  1 12 55 AA  0 6E  1 60 49  3  1 13 55 AA  0 6E  1 60 49  3  1 14 55 AA  0 6E  1 60 49  3  1 15 55 AA  0 6E  1 60 49  3  1 17 55 AA  0 6E  1 60 49  3  1 18 55 AA  0 6E  1 60 49  3  1 19 55 AA  0 6E  1 60 49  3  1 1A 55 AA  0 6E  1 60 49  3  1 1B 55 AA  0 6E  1 60 49  3  1 1C 55 AA  0 6E  1 60 49  3  1 1E 55 AA  0 6E  1 60 49  3  1 1F 55 AA  0 6E  1 60 49  3  1 20 55 AA  0 6E  1 60 49  3  1 21 55 AA  0 6E  1 60 49  3  1 22 55 AA  0 6E  1 60 49  3  1 24 55 AA  0 6E  1 60 49  3  1 25 55 AA  0 6E  1 60 49  3  1 26 55 AA  0 6E  1 60 49  3  1 27 55 AA  0 6E  1 60 49  3  1 28 55 AA  0 6E  1 60 49  3  1 29 55 AA  0 6E  1 60 49  3  1 2A 55 AA  0 6E  1 60 49  3  1 2B 55 AA  0 6E  1 60 49  3  1 2D 55 AA  0 6E  1 60 49  3  1 2E 55 AA  0 6E  1 60 49  3  1 2F 55 AA  0 6E  1 60 49  3  1 30 55 AA  0 6E  1 60 49  3  1 31 55 AA  0 6E  1 60 49  3  1 32 55 AA  0 6E  1 60 49  3  1 33 55 AA  0 6E  1 60 49  3  1 34 55 AA  0 6E  1 60 49  3  1 36 55 AA  0 6E  1 60 49  3  1 37 55 AA  0 6E  1 60 49  3  1 38 55 AA  0 6E  1 60 49  3  1 39 55 AA  0 6E  1 60 49  3  1 3A 55 AA  0 6E  1 60 49  3  1 3C 55 AA  0 6E  1 60 49  3  1 3D 55 AA  0 6E  1 60 49  3  1 3E 55 AA  0 6E  1 60 49  3  1 3F 55 AA  0 6E  1 60 49  3  1 40 55 AA  0 6E  1 60 49  3  1 41 55 AA  0 6E  1 60 49  3  1 42 55 AA  0 6E  1 60 49  3  1 43 55 AA  0 6E  1 60 49  3  1 45 55 AA  0 6E  1 60 49  3  1 46 55 AA  0 6E  1 60 49  3  1 47 55 AA  0 6E  1 60 49  3  1 48 55 AA  0 6E  1 60 49  3  1 49 55 AA  0 6E  1 60 49  3  1 4A 55 AA  0 6E  1 60 49  3  1 4B 55 AA  0 6E  1 60 49  3  1 4D 55 AA  0 6E  1 60 49  3  1 4E 55 AA  0 6E  1 60 49  3  1 4F 55 AA  0 6E  1 60 49  3  1 50 55 AA  0 6E  1 60 49  3  1 52 55 AA  0 6E  1 60 49  3  1 53 55 AA  0 6E  1 60 49  3  1 54 55 AA  0 6E  1 60 49  3  1 55 55 AA  0 6E  1 60 49  3  1 56 55 AA  0 6E  1 60 49  3  1 58 55 AA  0 6E  1 60 49  3  1 59 55 AA  0 6E  1 60 49  3  1 5A 55 AA  0 6E  1 60 49  3  1 5B 55 AA  0 6E  1 60 49  3  1 5C 55 AA  0 6E  1 60 49  3  1 5D 55 AA  0 6E  1 60 49  3  1 5F 55 AA  0 6E  1 60 49  3  1 60 55 AA  0 6E  1 60 49  3  1 61 55 AA  0 6E  1 60 49  3  1 62 55 AA  0 6E  1 60 49  3  1 64 55 AA  0 6E  1 60 49  3  1 65 55 AA  0 6E  1 60 49  3  1 66 55 AA  0 6E  1 60 49  3  1 67 55 AA  0 6E  1 60 49  3  1 68 55 AA  0 6E  1 60 49  3  1 6A 55 AA  0 6E  1 60 49  3  1 6B 55 AA  0 6E  1 60 49  3  1 6C 55 AA  0 6E  1 60 49  3  1 6D 55 AA  0 6E  1 60 49  3  1 6E 55 AA  0 6E  1 60 49  3  1 6F 55 AA  0 6E  1 60 49  3  1 70 55 AA  0 6E  1 60 49  3  1 71 55 AA  0 6E  1 60 49  3  1 73 55 AA  0 6E  1 60 49  3  1 74 55 AA  0 6E  1 60 49  3  1 75 55 AA  0 6E  1 60 49  3  1 76 55 AA  0 6E  1 60 49  3  1 78
180629T20:10:33.135394mb >> 55 AA  0 6E  1 60 49  3  1 79
180629T20:10:47.080662mb ####  
180629T20:10:47.080662mb #### pedal 2 
180629T20:10:47.080662mb >> 55 AA  0 6E  1 60 49  4  1 78 55 AA  0 6E  1 60 49  4  1 77 55 AA  0 6E  1 60 49  4  1 76 55 AA  0 6E  1 60 49  4  1 75 55 AA  0 6E  1 60 49  4  1 74 55 AA  0 6E  1 60 49  4  1 73 55 AA  0 6E  1 60 49  4  1 71 55 AA  0 6E  1 60 49  4  1 70 55 AA  0 6E  1 60 49  4  1 6F 55 AA  0 6E  1 60 49  4  1 6E 55 AA  0 6E  1 60 49  4  1 6D 55 AA  0 6E  1 60 49  4  1 6C 55 AA  0 6E  1 60 49  4  1 6B 55 AA  0 6E  1 60 49  4  1 6A 55 AA  0 6E  1 60 49  4  1 68 55 AA  0 6E  1 60 49  4  1 67 55 AA  0 6E  1 60 49  4  1 66 55 AA  0 6E  1 60 49  4  1 65 55 AA  0 6E  1 60 49  4  1 64 55 AA  0 6E  1 60 49  4  1 63 55 AA  0 6E  1 60 49  4  1 62 55 AA  0 6E  1 60 49  4  1 61 55 AA  0 6E  1 60 49  4  1 5F 55 AA  0 6E  1 60 49  4  1 5E 55 AA  0 6E  1 60 49  4  1 5D 55 AA  0 6E  1 60 49  4  1 5C 55 AA  0 6E  1 60 49  4  1 5B 55 AA  0 6E  1 60 49  4  1 5A 55 AA  0 6E  1 60 49  4  1 59 55 AA  0 6E  1 60 49  4  1 58 55 AA  0 6E  1 60 49  4  1 56 55 AA  0 6E  1 60 49  4  1 55 55 AA  0 6E  1 60 49  4  1 54 55 AA  0 6E  1 60 49  4  1 53 55 AA  0 6E  1 60 49  4  1 52 55 AA  0 6E  1 60 49  4  1 51 55 AA  0 6E  1 60 49  4  1 50 55 AA  0 6E  1 60 49  4  1 4F 55 AA  0 6E  1 60 49  4  1 4D 55 AA  0 6E  1 60 49  4  1 4C 55 AA  0 6E  1 60 49  4  1 4B 55 AA  0 6E  1 60 49  4  1 4A 55 AA  0 6E  1 60 49  4  1 49 55 AA  0 6E  1 60 49  4  1 48 55 AA  0 6E  1 60 49  4  1 47 55 AA  0 6E  1 60 49  4  1 46 55 AA  0 6E  1 60 49  4  1 44 55 AA  0 6E  1 60 49  4  1 43 55 AA  0 6E  1 60 49  4  1 42 55 AA  0 6E  1 60 49  4  1 41 55 AA  0 6E  1 60 49  4  1 40 55 AA  0 6E  1 60 49  4  1 3F 55 AA  0 6E  1 60 49  4  1 3E 55 AA  0 6E  1 60 49  4  1 3D 55 AA  0 6E  1 60 49  4  1 3B 55 AA  0 6E  1 60 49  4  1 3A 55 AA  0 6E  1 60 49  4  1 39 55 AA  0 6E  1 60 49  4  1 38 55 AA  0 6E  1 60 49  4  1 37 55 AA  0 6E  1 60 49  4  1 36 55 AA  0 6E  1 60 49  4  1 35 55 AA  0 6E  1 60 49  4  1 34 55 AA  0 6E  1 60 49  4  1 32 55 AA  0 6E  1 60 49  4  1 31 55 AA  0 6E  1 60 49  4  1 30 55 AA  0 6E  1 60 49  4  1 2F 55 AA  0 6E  1 60 49  4  1 2E 55 AA  0 6E  1 60 49  4  1 2D 55 AA  0 6E  1 60 49  4  1 2C 55 AA  0 6E  1 60 49  4  1 2B 55 AA  0 6E  1 60 49  4  1 29 55 AA  0 6E  1 60 49  4  1 28 55 AA  0 6E  1 60 49  4  1 27 55 AA  0 6E  1 60 49  4  1 26 55 AA  0 6E  1 60 49  4  1 25 55 AA  0 6E  1 60 49  4  1 24 55 AA  0 6E  1 60 49  4  1 23 55 AA  0 6E  1 60 49  4  1 21 55 AA  0 6E  1 60 49  4  1 20 55 AA  0 6E  1 60 49  4  1 1F 55 AA  0 6E  1 60 49  4  1 1E 55 AA  0 6E  1 60 49  4  1 1D 55 AA  0 6E  1 60 49  4  1 1C 55 AA  0 6E  1 60 49  4  1 1B 55 AA  0 6E  1 60 49  4  1 1A 55 AA  0 6E  1 60 49  4  1 18 55 AA  0 6E  1 60 49  4  1 17 55 AA  0 6E  1 60 49  4  1 16 55 AA  0 6E  1 60 49  4  1 15 55 AA  0 6E  1 60 49  4  1 14 55 AA  0 6E  1 60 49  4  1 13 55 AA  0 6E  1 60 49  4  1 12 55 AA  0 6E  1 60 49  4  1 11 55 AA  0 6E  1 60 49  4  1  F 55 AA  0 6E  1 60 49  4  1  E 55 AA  0 6E  1 60 49  4  1  D 55 AA  0 6E  1 60 49  4  1  C 55 AA  0 6E  1 60 49  4  1  B 55 AA  0 6E  1 60 49  4  1  A 55 AA  0 6E  1 60 49  4  1  9 55 AA  0 6E  1 60 49  4  1  8
180629T20:10:49.225905mb >> 55 AA  0 6E  1 60 49  4  1  9 55 AA  0 6E  1 60 49  4  1  A 55 AA  0 6E  1 60 49  4  1  B 55 AA  0 6E  1 60 49  4  1  C 55 AA  0 6E  1 60 49  4  1  D 55 AA  0 6E  1 60 49  4  1  E 55 AA  0 6E  1 60 49  4  1  F 55 AA  0 6E  1 60 49  4  1 11 55 AA  0 6E  1 60 49  4  1 12 55 AA  0 6E  1 60 49  4  1 13 55 AA  0 6E  1 60 49  4  1 14 55 AA  0 6E  1 60 49  4  1 15 55 AA  0 6E  1 60 49  4  1 16 55 AA  0 6E  1 60 49  4  1 17 55 AA  0 6E  1 60 49  4  1 18 55 AA  0 6E  1 60 49  4  1 1A 55 AA  0 6E  1 60 49  4  1 1B 55 AA  0 6E  1 60 49  4  1 1C 55 AA  0 6E  1 60 49  4  1 1D 55 AA  0 6E  1 60 49  4  1 1E 55 AA  0 6E  1 60 49  4  1 1F 55 AA  0 6E  1 60 49  4  1 20 55 AA  0 6E  1 60 49  4  1 21 55 AA  0 6E  1 60 49  4  1 23 55 AA  0 6E  1 60 49  4  1 24 55 AA  0 6E  1 60 49  4  1 25 55 AA  0 6E  1 60 49  4  1 26 55 AA  0 6E  1 60 49  4  1 27 55 AA  0 6E  1 60 49  4  1 28 55 AA  0 6E  1 60 49  4  1 29 55 AA  0 6E  1 60 49  4  1 2A 55 AA  0 6E  1 60 49  4  1 2C 55 AA  0 6E  1 60 49  4  1 2D 55 AA  0 6E  1 60 49  4  1 2E 55 AA  0 6E  1 60 49  4  1 2F 55 AA  0 6E  1 60 49  4  1 30 55 AA  0 6E  1 60 49  4  1 31 55 AA  0 6E  1 60 49  4  1 32 55 AA  0 6E  1 60 49  4  1 33 55 AA  0 6E  1 60 49  4  1 35 55 AA  0 6E  1 60 49  4  1 36 55 AA  0 6E  1 60 49  4  1 37 55 AA  0 6E  1 60 49  4  1 38 55 AA  0 6E  1 60 49  4  1 39 55 AA  0 6E  1 60 49  4  1 3A 55 AA  0 6E  1 60 49  4  1 3B 55 AA  0 6E  1 60 49  4  1 3C 55 AA  0 6E  1 60 49  4  1 3E 55 AA  0 6E  1 60 49  4  1 3F 55 AA  0 6E  1 60 49  4  1 40 55 AA  0 6E  1 60 49  4  1 41 55 AA  0 6E  1 60 49  4  1 42 55 AA  0 6E  1 60 49  4  1 43 55 AA  0 6E  1 60 49  4  1 44 55 AA  0 6E  1 60 49  4  1 45 55 AA  0 6E  1 60 49  4  1 47 55 AA  0 6E  1 60 49  4  1 48 55 AA  0 6E  1 60 49  4  1 49 55 AA  0 6E  1 60 49  4  1 4A 55 AA  0 6E  1 60 49  4  1 4B 55 AA  0 6E  1 60 49  4  1 4C 55 AA  0 6E  1 60 49  4  1 4D 55 AA  0 6E  1 60 49  4  1 4E 55 AA  0 6E  1 60 49  4  1 50 55 AA  0 6E  1 60 49  4  1 51 55 AA  0 6E  1 60 49  4  1 52 55 AA  0 6E  1 60 49  4  1 53 55 AA  0 6E  1 60 49  4  1 54 55 AA  0 6E  1 60 49  4  1 55 55 AA  0 6E  1 60 49  4  1 56 55 AA  0 6E  1 60 49  4  1 57 55 AA  0 6E  1 60 49  4  1 59 55 AA  0 6E  1 60 49  4  1 5A 55 AA  0 6E  1 60 49  4  1 5B 55 AA  0 6E  1 60 49  4  1 5C 55 AA  0 6E  1 60 49  4  1 5D 55 AA  0 6E  1 60 49  4  1 5E 55 AA  0 6E  1 60 49  4  1 5F 55 AA  0 6E  1 60 49  4  1 60 55 AA  0 6E  1 60 49  4  1 62 55 AA  0 6E  1 60 49  4  1 63 55 AA  0 6E  1 60 49  4  1 64 55 AA  0 6E  1 60 49  4  1 65 55 AA  0 6E  1 60 49  4  1 66 55 AA  0 6E  1 60 49  4  1 67 55 AA  0 6E  1 60 49  4  1 68 55 AA  0 6E  1 60 49  4  1 69 55 AA  0 6E  1 60 49  4  1 6B 55 AA  0 6E  1 60 49  4  1 6C 55 AA  0 6E  1 60 49  4  1 6D 55 AA  0 6E  1 60 49  4  1 6E 55 AA  0 6E  1 60 49  4  1 6F 55 AA  0 6E  1 60 49  4  1 70 55 AA  0 6E  1 60 49  4  1 71 55 AA  0 6E  1 60 49  4  1 72 55 AA  0 6E  1 60 49  4  1 74 55 AA  0 6E  1 60 49  4  1 75 55 AA  0 6E  1 60 49  4  1 76 55 AA  0 6E  1 60 49  4  1 77 55 AA  0 6E  1 60 49  4  1 78
180629T20:10:50.330561mb >> 55 AA  0 6E  1 60 49  4  1 79
180629T20:10:59.088433mb ####  
180629T20:10:59.088433mb #### pedal 1 
180629T20:10:59.088433mb >> 55 AA  0 6E  1 60 49  5  1 77 55 AA  0 6E  1 60 49  5  1 76 55 AA  0 6E  1 60 49  5  1 75 55 AA  0 6E  1 60 49  5  1 74 55 AA  0 6E  1 60 49  5  1 73 55 AA  0 6E  1 60 49  5  1 72 55 AA  0 6E  1 60 49  5  1 71 55 AA  0 6E  1 60 49  5  1 6F 55 AA  0 6E  1 60 49  5  1 6E 55 AA  0 6E  1 60 49  5  1 6D 55 AA  0 6E  1 60 49  5  1 6C 55 AA  0 6E  1 60 49  5  1 6B 55 AA  0 6E  1 60 49  5  1 6A 55 AA  0 6E  1 60 49  5  1 69 55 AA  0 6E  1 60 49  5  1 68 55 AA  0 6E  1 60 49  5  1 66 55 AA  0 6E  1 60 49  5  1 65 55 AA  0 6E  1 60 49  5  1 64 55 AA  0 6E  1 60 49  5  1 63 55 AA  0 6E  1 60 49  5  1 62 55 AA  0 6E  1 60 49  5  1 61 55 AA  0 6E  1 60 49  5  1 60 55 AA  0 6E  1 60 49  5  1 5F 55 AA  0 6E  1 60 49  5  1 5D 55 AA  0 6E  1 60 49  5  1 5C 55 AA  0 6E  1 60 49  5  1 5B 55 AA  0 6E  1 60 49  5  1 5A 55 AA  0 6E  1 60 49  5  1 59 55 AA  0 6E  1 60 49  5  1 58 55 AA  0 6E  1 60 49  5  1 57 55 AA  0 6E  1 60 49  5  1 56 55 AA  0 6E  1 60 49  5  1 54 55 AA  0 6E  1 60 49  5  1 53 55 AA  0 6E  1 60 49  5  1 52 55 AA  0 6E  1 60 49  5  1 51 55 AA  0 6E  1 60 49  5  1 50 55 AA  0 6E  1 60 49  5  1 4F 55 AA  0 6E  1 60 49  5  1 4E 55 AA  0 6E  1 60 49  5  1 4C 55 AA  0 6E  1 60 49  5  1 4B 55 AA  0 6E  1 60 49  5  1 4A 55 AA  0 6E  1 60 49  5  1 49 55 AA  0 6E  1 60 49  5  1 48 55 AA  0 6E  1 60 49  5  1 47 55 AA  0 6E  1 60 49  5  1 46 55 AA  0 6E  1 60 49  5  1 45 55 AA  0 6E  1 60 49  5  1 43 55 AA  0 6E  1 60 49  5  1 42 55 AA  0 6E  1 60 49  5  1 41 55 AA  0 6E  1 60 49  5  1 40 55 AA  0 6E  1 60 49  5  1 3F 55 AA  0 6E  1 60 49  5  1 3E 55 AA  0 6E  1 60 49  5  1 3D 55 AA  0 6E  1 60 49  5  1 3C 55 AA  0 6E  1 60 49  5  1 3A 55 AA  0 6E  1 60 49  5  1 39 55 AA  0 6E  1 60 49  5  1 38 55 AA  0 6E  1 60 49  5  1 37 55 AA  0 6E  1 60 49  5  1 36 55 AA  0 6E  1 60 49  5  1 35 55 AA  0 6E  1 60 49  5  1 34 55 AA  0 6E  1 60 49  5  1 33 55 AA  0 6E  1 60 49  5  1 31 55 AA  0 6E  1 60 49  5  1 30 55 AA  0 6E  1 60 49  5  1 2F 55 AA  0 6E  1 60 49  5  1 2E 55 AA  0 6E  1 60 49  5  1 2D 55 AA  0 6E  1 60 49  5  1 2C 55 AA  0 6E  1 60 49  5  1 2B 55 AA  0 6E  1 60 49  5  1 2A 55 AA  0 6E  1 60 49  5  1 28 55 AA  0 6E  1 60 49  5  1 27 55 AA  0 6E  1 60 49  5  1 26 55 AA  0 6E  1 60 49  5  1 25 55 AA  0 6E  1 60 49  5  1 24 55 AA  0 6E  1 60 49  5  1 23 55 AA  0 6E  1 60 49  5  1 22 55 AA  0 6E  1 60 49  5  1 21 55 AA  0 6E  1 60 49  5  1 1F 55 AA  0 6E  1 60 49  5  1 1E 55 AA  0 6E  1 60 49  5  1 1D 55 AA  0 6E  1 60 49  5  1 1C 55 AA  0 6E  1 60 49  5  1 1B 55 AA  0 6E  1 60 49  5  1 1A 55 AA  0 6E  1 60 49  5  1 19 55 AA  0 6E  1 60 49  5  1 18 55 AA  0 6E  1 60 49  5  1 16 55 AA  0 6E  1 60 49  5  1 15 55 AA  0 6E  1 60 49  5  1 14 55 AA  0 6E  1 60 49  5  1 13 55 AA  0 6E  1 60 49  5  1 12 55 AA  0 6E  1 60 49  5  1 11 55 AA  0 6E  1 60 49  5  1 10 55 AA  0 6E  1 60 49  5  1  F 55 AA  0 6E  1 60 49  5  1  D 55 AA  0 6E  1 60 49  5  1  C 55 AA  0 6E  1 60 49  5  1  B 55 AA  0 6E  1 60 49  5  1  A 55 AA  0 6E  1 60 49  5  1  9 55 AA  0 6E  1 60 49  5  1  8
180629T20:11:01.810163mb >> 55 AA  0 6E  1 60 49  5  1  9 55 AA  0 6E  1 60 49  5  1  A 55 AA  0 6E  1 60 49  5  1  B 55 AA  0 6E  1 60 49  5  1  C 55 AA  0 6E  1 60 49  5  1  D 55 AA  0 6E  1 60 49  5  1  F 55 AA  0 6E  1 60 49  5  1 10 55 AA  0 6E  1 60 49  5  1 11 55 AA  0 6E  1 60 49  5  1 12 55 AA  0 6E  1 60 49  5  1 13 55 AA  0 6E  1 60 49  5  1 14 55 AA  0 6E  1 60 49  5  1 15 55 AA  0 6E  1 60 49  5  1 16 55 AA  0 6E  1 60 49  5  1 18 55 AA  0 6E  1 60 49  5  1 19 55 AA  0 6E  1 60 49  5  1 1A 55 AA  0 6E  1 60 49  5  1 1B 55 AA  0 6E  1 60 49  5  1 1C 55 AA  0 6E  1 60 49  5  1 1D 55 AA  0 6E  1 60 49  5  1 1E 55 AA  0 6E  1 60 49  5  1 1F 55 AA  0 6E  1 60 49  5  1 21 55 AA  0 6E  1 60 49  5  1 22 55 AA  0 6E  1 60 49  5  1 23 55 AA  0 6E  1 60 49  5  1 24 55 AA  0 6E  1 60 49  5  1 25 55 AA  0 6E  1 60 49  5  1 26 55 AA  0 6E  1 60 49  5  1 27 55 AA  0 6E  1 60 49  5  1 28 55 AA  0 6E  1 60 49  5  1 2A 55 AA  0 6E  1 60 49  5  1 2B 55 AA  0 6E  1 60 49  5  1 2C 55 AA  0 6E  1 60 49  5  1 2D 55 AA  0 6E  1 60 49  5  1 2E 55 AA  0 6E  1 60 49  5  1 2F 55 AA  0 6E  1 60 49  5  1 30 55 AA  0 6E  1 60 49  5  1 31 55 AA  0 6E  1 60 49  5  1 33 55 AA  0 6E  1 60 49  5  1 34 55 AA  0 6E  1 60 49  5  1 35 55 AA  0 6E  1 60 49  5  1 36 55 AA  0 6E  1 60 49  5  1 37 55 AA  0 6E  1 60 49  5  1 38 55 AA  0 6E  1 60 49  5  1 39 55 AA  0 6E  1 60 49  5  1 3A 55 AA  0 6E  1 60 49  5  1 3C 55 AA  0 6E  1 60 49  5  1 3D 55 AA  0 6E  1 60 49  5  1 3E 55 AA  0 6E  1 60 49  5  1 3F 55 AA  0 6E  1 60 49  5  1 40 55 AA  0 6E  1 60 49  5  1 41 55 AA  0 6E  1 60 49  5  1 42 55 AA  0 6E  1 60 49  5  1 43 55 AA  0 6E  1 60 49  5  1 45 55 AA  0 6E  1 60 49  5  1 46 55 AA  0 6E  1 60 49  5  1 47 55 AA  0 6E  1 60 49  5  1 48 55 AA  0 6E  1 60 49  5  1 49 55 AA  0 6E  1 60 49  5  1 4A 55 AA  0 6E  1 60 49  5  1 4B 55 AA  0 6E  1 60 49  5  1 4C 55 AA  0 6E  1 60 49  5  1 4E 55 AA  0 6E  1 60 49  5  1 4F 55 AA  0 6E  1 60 49  5  1 50 55 AA  0 6E  1 60 49  5  1 51 55 AA  0 6E  1 60 49  5  1 52 55 AA  0 6E  1 60 49  5  1 53 55 AA  0 6E  1 60 49  5  1 54 55 AA  0 6E  1 60 49  5  1 55 55 AA  0 6E  1 60 49  5  1 57 55 AA  0 6E  1 60 49  5  1 58 55 AA  0 6E  1 60 49  5  1 59 55 AA  0 6E  1 60 49  5  1 5A 55 AA  0 6E  1 60 49  5  1 5B 55 AA  0 6E  1 60 49  5  1 5C 55 AA  0 6E  1 60 49  5  1 5D 55 AA  0 6E  1 60 49  5  1 5F 55 AA  0 6E  1 60 49  5  1 60 55 AA  0 6E  1 60 49  5  1 61 55 AA  0 6E  1 60 49  5  1 62 55 AA  0 6E  1 60 49  5  1 63 55 AA  0 6E  1 60 49  5  1 64 55 AA  0 6E  1 60 49  5  1 65 55 AA  0 6E  1 60 49  5  1 67 55 AA  0 6E  1 60 49  5  1 68 55 AA  0 6E  1 60 49  5  1 69 55 AA  0 6E  1 60 49  5  1 6A 55 AA  0 6E  1 60 49  5  1 6B 55 AA  0 6E  1 60 49  5  1 6C 55 AA  0 6E  1 60 49  5  1 6E 55 AA  0 6E  1 60 49  5  1 6F 55 AA  0 6E  1 60 49  5  1 70 55 AA  0 6E  1 60 49  5  1 71 55 AA  0 6E  1 60 49  5  1 72 55 AA  0 6E  1 60 49  5  1 73 55 AA  0 6E  1 60 49  5  1 74 55 AA  0 6E  1 60 49  5  1 76 55 AA  0 6E  1 60 49  5  1 77 55 AA  0 6E  1 60 49  5  1 78
180629T20:11:18.729509mb ####  
180629T20:11:18.729509mb #### main volume 
180629T20:11:18.729509mb >> 55 AA  0 6E  1 60 49  6  1 2E 55 AA  0 6E  1 60 49  6  1 2D 55 AA  0 6E  1 60 49  6  1 2B 55 AA  0 6E  1 60 49  6  1 2A 55 AA  0 6E  1 60 49  6  1 29 55 AA  0 6E  1 60 49  6  1 28 55 AA  0 6E  1 60 49  6  1 27 55 AA  0 6E  1 60 49  6  1 26 55 AA  0 6E  1 60 49  6  1 25 55 AA  0 6E  1 60 49  6  1 24 55 AA  0 6E  1 60 49  6  1 22 55 AA  0 6E  1 60 49  6  1 21 55 AA  0 6E  1 60 49  6  1 20 55 AA  0 6E  1 60 49  6  1 1F 55 AA  0 6E  1 60 49  6  1 1E 55 AA  0 6E  1 60 49  6  1 1D 55 AA  0 6E  1 60 49  6  1 1C 55 AA  0 6E  1 60 49  6  1 1B 55 AA  0 6E  1 60 49  6  1 19 55 AA  0 6E  1 60 49  6  1 18 55 AA  0 6E  1 60 49  6  1 17 55 AA  0 6E  1 60 49  6  1 16 55 AA  0 6E  1 60 49  6  1 15 55 AA  0 6E  1 60 49  6  1 14 55 AA  0 6E  1 60 49  6  1 13 55 AA  0 6E  1 60 49  6  1 12 55 AA  0 6E  1 60 49  6  1 10 55 AA  0 6E  1 60 49  6  1  F 55 AA  0 6E  1 60 49  6  1  E 55 AA  0 6E  1 60 49  6  1  D 55 AA  0 6E  1 60 49  6  1  C 55 AA  0 6E  1 60 49  6  1  B 55 AA  0 6E  1 60 49  6  1  A 55 AA  0 6E  1 60 49  6  1  9 55 AA  0 6E  1 60 49  6  1  7 55 AA  0 6E  1 60 49  6  1  6 55 AA  0 6E  1 60 49  6  1  5 55 AA  0 6E  1 60 49  6  1  4 55 AA  0 6E  1 60 49  6  1  3 55 AA  0 6E  1 60 49  6  1  2 55 AA  0 6E  1 60 49  6  1  1 55 AA  0 6E  1 60 49  6  1  0
180629T20:11:20.730624mb >> 55 AA  0 6E  1 60 49  6  1  1
180629T20:11:20.842840mb >> 55 AA  0 6E  1 60 49  6  1  2 55 AA  0 6E  1 60 49  6  1  3 55 AA  0 6E  1 60 49  6  1  4 55 AA  0 6E  1 60 49  6  1  5 55 AA  0 6E  1 60 49  6  1  6 55 AA  0 6E  1 60 49  6  1  7 55 AA  0 6E  1 60 49  6  1  9 55 AA  0 6E  1 60 49  6  1  A 55 AA  0 6E  1 60 49  6  1  B 55 AA  0 6E  1 60 49  6  1  C 55 AA  0 6E  1 60 49  6  1  D 55 AA  0 6E  1 60 49  6  1  E 55 AA  0 6E  1 60 49  6  1  F 55 AA  0 6E  1 60 49  6  1 10 55 AA  0 6E  1 60 49  6  1 12 55 AA  0 6E  1 60 49  6  1 13 55 AA  0 6E  1 60 49  6  1 14 55 AA  0 6E  1 60 49  6  1 15 55 AA  0 6E  1 60 49  6  1 16 55 AA  0 6E  1 60 49  6  1 17 55 AA  0 6E  1 60 49  6  1 18 55 AA  0 6E  1 60 49  6  1 19 55 AA  0 6E  1 60 49  6  1 1B 55 AA  0 6E  1 60 49  6  1 1C 55 AA  0 6E  1 60 49  6  1 1D 55 AA  0 6E  1 60 49  6  1 1E 55 AA  0 6E  1 60 49  6  1 1F 55 AA  0 6E  1 60 49  6  1 20 55 AA  0 6E  1 60 49  6  1 21 55 AA  0 6E  1 60 49  6  1 22 55 AA  0 6E  1 60 49  6  1 24 55 AA  0 6E  1 60 49  6  1 25 55 AA  0 6E  1 60 49  6  1 26 55 AA  0 6E  1 60 49  6  1 27 55 AA  0 6E  1 60 49  6  1 28 55 AA  0 6E  1 60 49  6  1 29 55 AA  0 6E  1 60 49  6  1 2A 55 AA  0 6E  1 60 49  6  1 2B 55 AA  0 6E  1 60 49  6  1 2D 55 AA  0 6E  1 60 49  6  1 2E 55 AA  0 6E  1 60 49  6  1 2F 55 AA  0 6E  1 60 49  6  1 30 55 AA  0 6E  1 60 49  6  1 31 55 AA  0 6E  1 60 49  6  1 32 55 AA  0 6E  1 60 49  6  1 33 55 AA  0 6E  1 60 49  6  1 34 55 AA  0 6E  1 60 49  6  1 36 55 AA  0 6E  1 60 49  6  1 37 55 AA  0 6E  1 60 49  6  1 38 55 AA  0 6E  1 60 49  6  1 39 55 AA  0 6E  1 60 49  6  1 3A 55 AA  0 6E  1 60 49  6  1 3B 55 AA  0 6E  1 60 49  6  1 3C 55 AA  0 6E  1 60 49  6  1 3D 55 AA  0 6E  1 60 49  6  1 3F 55 AA  0 6E  1 60 49  6  1 40 55 AA  0 6E  1 60 49  6  1 41 55 AA  0 6E  1 60 49  6  1 42 55 AA  0 6E  1 60 49  6  1 43 55 AA  0 6E  1 60 49  6  1 44 55 AA  0 6E  1 60 49  6  1 45 55 AA  0 6E  1 60 49  6  1 46 55 AA  0 6E  1 60 49  6  1 48 55 AA  0 6E  1 60 49  6  1 49 55 AA  0 6E  1 60 49  6  1 4A 55 AA  0 6E  1 60 49  6  1 4B 55 AA  0 6E  1 60 49  6  1 4C 55 AA  0 6E  1 60 49  6  1 4D 55 AA  0 6E  1 60 49  6  1 4E 55 AA  0 6E  1 60 49  6  1 4F 55 AA  0 6E  1 60 49  6  1 51 55 AA  0 6E  1 60 49  6  1 52 55 AA  0 6E  1 60 49  6  1 53 55 AA  0 6E  1 60 49  6  1 54 55 AA  0 6E  1 60 49  6  1 55 55 AA  0 6E  1 60 49  6  1 56 55 AA  0 6E  1 60 49  6  1 57 55 AA  0 6E  1 60 49  6  1 58 55 AA  0 6E  1 60 49  6  1 5A 55 AA  0 6E  1 60 49  6  1 5B 55 AA  0 6E  1 60 49  6  1 5C 55 AA  0 6E  1 60 49  6  1 5D 55 AA  0 6E  1 60 49  6  1 5E 55 AA  0 6E  1 60 49  6  1 5F 55 AA  0 6E  1 60 49  6  1 60 55 AA  0 6E  1 60 49  6  1 61 55 AA  0 6E  1 60 49  6  1 63 55 AA  0 6E  1 60 49  6  1 64 55 AA  0 6E  1 60 49  6  1 65 55 AA  0 6E  1 60 49  6  1 66 55 AA  0 6E  1 60 49  6  1 67 55 AA  0 6E  1 60 49  6  1 68 55 AA  0 6E  1 60 49  6  1 69 55 AA  0 6E  1 60 49  6  1 6A 55 AA  0 6E  1 60 49  6  1 6C 55 AA  0 6E  1 60 49  6  1 6D 55 AA  0 6E  1 60 49  6  1 6E 55 AA  0 6E  1 60 49  6  1 6F 55 AA  0 6E  1 60 49  6  1 70 55 AA  0 6E  1 60 49  6  1 71 55 AA  0 6E  1 60 49  6  1 72 55 AA  0 6E  1 60 49  6  1 73 55 AA  0 6E  1 60 49  6  1 75 55 AA  0 6E  1 60 49  6  1 76 55 AA  0 6E  1 60 49  6  1 77 55 AA  0 6E  1 60 49  6  1 78 55 AA  0 6E  1 60 49  6  1 79 55 AA  0 6E  1 60 49  6  1 7A 55 AA  0 6E  1 60 49  6  1 7B 55 AA  0 6E  1 60 49  6  1 7C 55 AA  0 6E  1 60 49  6  1 7E 55 AA  0 6E  1 60 49  6  1 7F
180629T20:11:22.635855mb >> 55 AA  0 6E  1 60 49  6  1 7E 55 AA  0 6E  1 60 49  6  1 7C 55 AA  0 6E  1 60 49  6  1 7B 55 AA  0 6E  1 60 49  6  1 7A 55 AA  0 6E  1 60 49  6  1 79 55 AA  0 6E  1 60 49  6  1 78 55 AA  0 6E  1 60 49  6  1 77 55 AA  0 6E  1 60 49  6  1 76 55 AA  0 6E  1 60 49  6  1 75 55 AA  0 6E  1 60 49  6  1 73 55 AA  0 6E  1 60 49  6  1 72 55 AA  0 6E  1 60 49  6  1 71 55 AA  0 6E  1 60 49  6  1 70 55 AA  0 6E  1 60 49  6  1 6F 55 AA  0 6E  1 60 49  6  1 6E 55 AA  0 6E  1 60 49  6  1 6D 55 AA  0 6E  1 60 49  6  1 6C 55 AA  0 6E  1 60 49  6  1 6A 55 AA  0 6E  1 60 49  6  1 69 55 AA  0 6E  1 60 49  6  1 68 55 AA  0 6E  1 60 49  6  1 67 55 AA  0 6E  1 60 49  6  1 66 55 AA  0 6E  1 60 49  6  1 65 55 AA  0 6E  1 60 49  6  1 63 55 AA  0 6E  1 60 49  6  1 62 55 AA  0 6E  1 60 49  6  1 61 55 AA  0 6E  1 60 49  6  1 60 55 AA  0 6E  1 60 49  6  1 5F 55 AA  0 6E  1 60 49  6  1 5E 55 AA  0 6E  1 60 49  6  1 5D 55 AA  0 6E  1 60 49  6  1 5B 55 AA  0 6E  1 60 49  6  1 5A 55 AA  0 6E  1 60 49  6  1 59 55 AA  0 6E  1 60 49  6  1 58 55 AA  0 6E  1 60 49  6  1 57 55 AA  0 6E  1 60 49  6  1 56 55 AA  0 6E  1 60 49  6  1 55 55 AA  0 6E  1 60 49  6  1 53 55 AA  0 6E  1 60 49  6  1 52 55 AA  0 6E  1 60 49  6  1 51 55 AA  0 6E  1 60 49  6  1 50 55 AA  0 6E  1 60 49  6  1 4F 55 AA  0 6E  1 60 49  6  1 4D 55 AA  0 6E  1 60 49  6  1 4C 55 AA  0 6E  1 60 49  6  1 4B 55 AA  0 6E  1 60 49  6  1 4A 55 AA  0 6E  1 60 49  6  1 49 55 AA  0 6E  1 60 49  6  1 48 55 AA  0 6E  1 60 49  6  1 47 55 AA  0 6E  1 60 49  6  1 45 55 AA  0 6E  1 60 49  6  1 44 55 AA  0 6E  1 60 49  6  1 43 55 AA  0 6E  1 60 49  6  1 42 55 AA  0 6E  1 60 49  6  1 41 55 AA  0 6E  1 60 49  6  1 40 55 AA  0 6E  1 60 49  6  1 3F 55 AA  0 6E  1 60 49  6  1 3D 55 AA  0 6E  1 60 49  6  1 3C 55 AA  0 6E  1 60 49  6  1 3B 55 AA  0 6E  1 60 49  6  1 3A 55 AA  0 6E  1 60 49  6  1 39 55 AA  0 6E  1 60 49  6  1 38 55 AA  0 6E  1 60 49  6  1 37 55 AA  0 6E  1 60 49  6  1 36 55 AA  0 6E  1 60 49  6  1 34 55 AA  0 6E  1 60 49  6  1 33 55 AA  0 6E  1 60 49  6  1 32 55 AA  0 6E  1 60 49  6  1 31 55 AA  0 6E  1 60 49  6  1 30 55 AA  0 6E  1 60 49  6  1 2F 55 AA  0 6E  1 60 49  6  1 2E 55 AA  0 6E  1 60 49  6  1 2C 55 AA  0 6E  1 60 49  6  1 2B 55 AA  0 6E  1 60 49  6  1 2A 55 AA  0 6E  1 60 49  6  1 29 55 AA  0 6E  1 60 49  6  1 28 55 AA  0 6E  1 60 49  6  1 27 55 AA  0 6E  1 60 49  6  1 26 55 AA  0 6E  1 60 49  6  1 24 55 AA  0 6E  1 60 49  6  1 23 55 AA  0 6E  1 60 49  6  1 22 55 AA  0 6E  1 60 49  6  1 21 55 AA  0 6E  1 60 49  6  1 20 55 AA  0 6E  1 60 49  6  1 1F 55 AA  0 6E  1 60 49  6  1 1E 55 AA  0 6E  1 60 49  6  1 1D 55 AA  0 6E  1 60 49  6  1 1B 55 AA  0 6E  1 60 49  6  1 1A 55 AA  0 6E  1 60 49  6  1 19 55 AA  0 6E  1 60 49  6  1 18 55 AA  0 6E  1 60 49  6  1 17 55 AA  0 6E  1 60 49  6  1 16 55 AA  0 6E  1 60 49  6  1 15 55 AA  0 6E  1 60 49  6  1 14 55 AA  0 6E  1 60 49  6  1 12 55 AA  0 6E  1 60 49  6  1 11 55 AA  0 6E  1 60 49  6  1 10 55 AA  0 6E  1 60 49  6  1  F 55 AA  0 6E  1 60 49  6  1  E 55 AA  0 6E  1 60 49  6  1  D 55 AA  0 6E  1 60 49  6  1  C 55 AA  0 6E  1 60 49  6  1  B 55 AA  0 6E  1 60 49  6  1  9 55 AA  0 6E  1 60 49  6  1  8 55 AA  0 6E  1 60 49  6  1  7 55 AA  0 6E  1 60 49  6  1  6 55 AA  0 6E  1 60 49  6  1  5 55 AA  0 6E  1 60 49  6  1  4 55 AA  0 6E  1 60 49  6  1  3 55 AA  0 6E  1 60 49  6  1  2 55 AA  0 6E  1 60 49  6  1  0
180629T20:11:23.884677mb >> 55 AA  0 6E  1 60 49  6  1  2
180629T20:11:24.028644mb >> 55 AA  0 6E  1 60 49  6  1  3
180629T20:11:37.893862mb ####  
180629T20:11:37.893862mb #### line-in volume 
180629T20:11:37.893862mb >> 55 AA  0 6E  1 60 49  7  1  1 55 AA  0 6E  1 60 49  7  1  3 55 AA  0 6E  1 60 49  7  1  4 55 AA  0 6E  1 60 49  7  1  5 55 AA  0 6E  1 60 49  7  1  6 55 AA  0 6E  1 60 49  7  1  7 55 AA  0 6E  1 60 49  7  1  8 55 AA  0 6E  1 60 49  7  1  9 55 AA  0 6E  1 60 49  7  1  A 55 AA  0 6E  1 60 49  7  1  C 55 AA  0 6E  1 60 49  7  1  D 55 AA  0 6E  1 60 49  7  1  E 55 AA  0 6E  1 60 49  7  1  F 55 AA  0 6E  1 60 49  7  1 10 55 AA  0 6E  1 60 49  7  1 11 55 AA  0 6E  1 60 49  7  1 12 55 AA  0 6E  1 60 49  7  1 13 55 AA  0 6E  1 60 49  7  1 15 55 AA  0 6E  1 60 49  7  1 16 55 AA  0 6E  1 60 49  7  1 17 55 AA  0 6E  1 60 49  7  1 18 55 AA  0 6E  1 60 49  7  1 19 55 AA  0 6E  1 60 49  7  1 1A 55 AA  0 6E  1 60 49  7  1 1B 55 AA  0 6E  1 60 49  7  1 1C 55 AA  0 6E  1 60 49  7  1 1E 55 AA  0 6E  1 60 49  7  1 1F 55 AA  0 6E  1 60 49  7  1 20 55 AA  0 6E  1 60 49  7  1 21 55 AA  0 6E  1 60 49  7  1 22 55 AA  0 6E  1 60 49  7  1 23 55 AA  0 6E  1 60 49  7  1 24 55 AA  0 6E  1 60 49  7  1 25 55 AA  0 6E  1 60 49  7  1 27 55 AA  0 6E  1 60 49  7  1 28 55 AA  0 6E  1 60 49  7  1 29 55 AA  0 6E  1 60 49  7  1 2A 55 AA  0 6E  1 60 49  7  1 2B 55 AA  0 6E  1 60 49  7  1 2C 55 AA  0 6E  1 60 49  7  1 2D 55 AA  0 6E  1 60 49  7  1 2F 55 AA  0 6E  1 60 49  7  1 30 55 AA  0 6E  1 60 49  7  1 31 55 AA  0 6E  1 60 49  7  1 32 55 AA  0 6E  1 60 49  7  1 33 55 AA  0 6E  1 60 49  7  1 34 55 AA  0 6E  1 60 49  7  1 36 55 AA  0 6E  1 60 49  7  1 37 55 AA  0 6E  1 60 49  7  1 38 55 AA  0 6E  1 60 49  7  1 39 55 AA  0 6E  1 60 49  7  1 3A 55 AA  0 6E  1 60 49  7  1 3B 55 AA  0 6E  1 60 49  7  1 3C 55 AA  0 6E  1 60 49  7  1 3D 55 AA  0 6E  1 60 49  7  1 3F 55 AA  0 6E  1 60 49  7  1 40 55 AA  0 6E  1 60 49  7  1 41 55 AA  0 6E  1 60 49  7  1 42 55 AA  0 6E  1 60 49  7  1 43 55 AA  0 6E  1 60 49  7  1 44 55 AA  0 6E  1 60 49  7  1 45 55 AA  0 6E  1 60 49  7  1 46 55 AA  0 6E  1 60 49  7  1 48 55 AA  0 6E  1 60 49  7  1 49 55 AA  0 6E  1 60 49  7  1 4A 55 AA  0 6E  1 60 49  7  1 4B 55 AA  0 6E  1 60 49  7  1 4C 55 AA  0 6E  1 60 49  7  1 4D 55 AA  0 6E  1 60 49  7  1 4E 55 AA  0 6E  1 60 49  7  1 4F 55 AA  0 6E  1 60 49  7  1 51 55 AA  0 6E  1 60 49  7  1 52 55 AA  0 6E  1 60 49  7  1 53 55 AA  0 6E  1 60 49  7  1 54 55 AA  0 6E  1 60 49  7  1 55 55 AA  0 6E  1 60 49  7  1 56 55 AA  0 6E  1 60 49  7  1 58 55 AA  0 6E  1 60 49  7  1 59 55 AA  0 6E  1 60 49  7  1 5A 55 AA  0 6E  1 60 49  7  1 5B 55 AA  0 6E  1 60 49  7  1 5C 55 AA  0 6E  1 60 49  7  1 5D 55 AA  0 6E  1 60 49  7  1 5E 55 AA  0 6E  1 60 49  7  1 5F 55 AA  0 6E  1 60 49  7  1 61 55 AA  0 6E  1 60 49  7  1 62 55 AA  0 6E  1 60 49  7  1 63 55 AA  0 6E  1 60 49  7  1 64 55 AA  0 6E  1 60 49  7  1 65 55 AA  0 6E  1 60 49  7  1 66 55 AA  0 6E  1 60 49  7  1 67 55 AA  0 6E  1 60 49  7  1 68 55 AA  0 6E  1 60 49  7  1 6A 55 AA  0 6E  1 60 49  7  1 6B 55 AA  0 6E  1 60 49  7  1 6C 55 AA  0 6E  1 60 49  7  1 6D 55 AA  0 6E  1 60 49  7  1 6E 55 AA  0 6E  1 60 49  7  1 6F 55 AA  0 6E  1 60 49  7  1 71 55 AA  0 6E  1 60 49  7  1 72 55 AA  0 6E  1 60 49  7  1 73 55 AA  0 6E  1 60 49  7  1 74 55 AA  0 6E  1 60 49  7  1 75 55 AA  0 6E  1 60 49  7  1 76 55 AA  0 6E  1 60 49  7  1 77 55 AA  0 6E  1 60 49  7  1 78 55 AA  0 6E  1 60 49  7  1 7A 55 AA  0 6E  1 60 49  7  1 7B 55 AA  0 6E  1 60 49  7  1 7C 55 AA  0 6E  1 60 49  7  1 7D 55 AA  0 6E  1 60 49  7  1 7E 55 AA  0 6E  1 60 49  7  1 7F
180629T20:11:39.174686mb >> 55 AA  0 6E  1 60 49  7  1 7E 55 AA  0 6E  1 60 49  7  1 7D 55 AA  0 6E  1 60 49  7  1 7C 55 AA  0 6E  1 60 49  7  1 7B 55 AA  0 6E  1 60 49  7  1 7A 55 AA  0 6E  1 60 49  7  1 78 55 AA  0 6E  1 60 49  7  1 77 55 AA  0 6E  1 60 49  7  1 76 55 AA  0 6E  1 60 49  7  1 75 55 AA  0 6E  1 60 49  7  1 74 55 AA  0 6E  1 60 49  7  1 73 55 AA  0 6E  1 60 49  7  1 72 55 AA  0 6E  1 60 49  7  1 71 55 AA  0 6E  1 60 49  7  1 6F 55 AA  0 6E  1 60 49  7  1 6E 55 AA  0 6E  1 60 49  7  1 6D 55 AA  0 6E  1 60 49  7  1 6C 55 AA  0 6E  1 60 49  7  1 6B 55 AA  0 6E  1 60 49  7  1 6A 55 AA  0 6E  1 60 49  7  1 69 55 AA  0 6E  1 60 49  7  1 68 55 AA  0 6E  1 60 49  7  1 66 55 AA  0 6E  1 60 49  7  1 65 55 AA  0 6E  1 60 49  7  1 64 55 AA  0 6E  1 60 49  7  1 63 55 AA  0 6E  1 60 49  7  1 62 55 AA  0 6E  1 60 49  7  1 61 55 AA  0 6E  1 60 49  7  1 60 55 AA  0 6E  1 60 49  7  1 5F 55 AA  0 6E  1 60 49  7  1 5D 55 AA  0 6E  1 60 49  7  1 5C 55 AA  0 6E  1 60 49  7  1 5B 55 AA  0 6E  1 60 49  7  1 5A 55 AA  0 6E  1 60 49  7  1 59 55 AA  0 6E  1 60 49  7  1 58 55 AA  0 6E  1 60 49  7  1 57 55 AA  0 6E  1 60 49  7  1 55 55 AA  0 6E  1 60 49  7  1 54 55 AA  0 6E  1 60 49  7  1 53 55 AA  0 6E  1 60 49  7  1 52 55 AA  0 6E  1 60 49  7  1 51 55 AA  0 6E  1 60 49  7  1 50 55 AA  0 6E  1 60 49  7  1 4F 55 AA  0 6E  1 60 49  7  1 4E 55 AA  0 6E  1 60 49  7  1 4C 55 AA  0 6E  1 60 49  7  1 4B 55 AA  0 6E  1 60 49  7  1 4A 55 AA  0 6E  1 60 49  7  1 49 55 AA  0 6E  1 60 49  7  1 48 55 AA  0 6E  1 60 49  7  1 47 55 AA  0 6E  1 60 49  7  1 46 55 AA  0 6E  1 60 49  7  1 45 55 AA  0 6E  1 60 49  7  1 43 55 AA  0 6E  1 60 49  7  1 42 55 AA  0 6E  1 60 49  7  1 41 55 AA  0 6E  1 60 49  7  1 40 55 AA  0 6E  1 60 49  7  1 3F 55 AA  0 6E  1 60 49  7  1 3E 55 AA  0 6E  1 60 49  7  1 3D 55 AA  0 6E  1 60 49  7  1 3C 55 AA  0 6E  1 60 49  7  1 3A 55 AA  0 6E  1 60 49  7  1 39 55 AA  0 6E  1 60 49  7  1 38 55 AA  0 6E  1 60 49  7  1 37 55 AA  0 6E  1 60 49  7  1 36 55 AA  0 6E  1 60 49  7  1 35 55 AA  0 6E  1 60 49  7  1 34 55 AA  0 6E  1 60 49  7  1 33 55 AA  0 6E  1 60 49  7  1 31 55 AA  0 6E  1 60 49  7  1 30 55 AA  0 6E  1 60 49  7  1 2F 55 AA  0 6E  1 60 49  7  1 2E 55 AA  0 6E  1 60 49  7  1 2D 55 AA  0 6E  1 60 49  7  1 2C 55 AA  0 6E  1 60 49  7  1 2B 55 AA  0 6E  1 60 49  7  1 29 55 AA  0 6E  1 60 49  7  1 28 55 AA  0 6E  1 60 49  7  1 27 55 AA  0 6E  1 60 49  7  1 26 55 AA  0 6E  1 60 49  7  1 25 55 AA  0 6E  1 60 49  7  1 24 55 AA  0 6E  1 60 49  7  1 23 55 AA  0 6E  1 60 49  7  1 22 55 AA  0 6E  1 60 49  7  1 20 55 AA  0 6E  1 60 49  7  1 1F 55 AA  0 6E  1 60 49  7  1 1E 55 AA  0 6E  1 60 49  7  1 1D 55 AA  0 6E  1 60 49  7  1 1C 55 AA  0 6E  1 60 49  7  1 1B 55 AA  0 6E  1 60 49  7  1 1A 55 AA  0 6E  1 60 49  7  1 19 55 AA  0 6E  1 60 49  7  1 17 55 AA  0 6E  1 60 49  7  1 16 55 AA  0 6E  1 60 49  7  1 15 55 AA  0 6E  1 60 49  7  1 14 55 AA  0 6E  1 60 49  7  1 13 55 AA  0 6E  1 60 49  7  1 12 55 AA  0 6E  1 60 49  7  1 11 55 AA  0 6E  1 60 49  7  1  F 55 AA  0 6E  1 60 49  7  1  E 55 AA  0 6E  1 60 49  7  1  D 55 AA  0 6E  1 60 49  7  1  C 55 AA  0 6E  1 60 49  7  1  B 55 AA  0 6E  1 60 49  7  1  A 55 AA  0 6E  1 60 49  7  1  9 55 AA  0 6E  1 60 49  7  1  8 55 AA  0 6E  1 60 49  7  1  6 55 AA  0 6E  1 60 49  7  1  5 55 AA  0 6E  1 60 49  7  1  4 55 AA  0 6E  1 60 49  7  1  3 55 AA  0 6E  1 60 49  7  1  2 55 AA  0 6E  1 60 49  7  1  1 55 AA  0 6E  1 60 49  7  1  0
180629T20:12:16.879989mb ####  
180629T20:12:16.879989mb #### mode 10: wave checksum 
180629T20:12:16.879989mb >> 55 AA  0 6E  1 60 49  0  2 1D 7F
180629T20:12:17.056119mb >> 55 AA  0 6E  1 60 49  0  2 1D  0
180629T20:12:20.226198mb >> 55 AA  0 6E  1 60 4A  1  4  0  0  0  0
180629T20:12:24.709163mb >> 55 AA  0 6E  1 60 4A  1  4  0 40  0  0
180629T20:12:29.176198mb >> 55 AA  0 6E  1 60 4A  1  4  0 80  0  0
180629T20:12:33.659193mb >> 55 AA  0 6E  1 60 4A  1  4  0 C0  0  0
180629T20:12:38.142228mb >> 55 AA  0 6E  1 60 4A  1  4  1  0  0  0
180629T20:12:42.625316mb >> 55 AA  0 6E  1 60 4A  1  4  1 40  0  0
180629T20:12:47.092320mb >> 55 AA  0 6E  1 60 4A  1  4  1 80  0  0
180629T20:12:51.575318mb >> 55 AA  0 6E  1 60 4A  1  4  1 C0  0  0
180629T20:12:56.058315mb >> 55 AA  0 6E  1 60 4A  1  4  2  0  0  0
180629T20:13:00.525427mb >> 55 AA  0 6E  1 60 4A  1  4  2 40  0  0
180629T20:13:05.008478mb >> 55 AA  0 6E  1 60 4A  1  4  2 80  0  0
180629T20:13:09.491592mb >> 55 AA  0 6E  1 60 4A  1  4  2 C0  0  0
180629T20:13:13.958558mb >> 55 AA  0 6E  1 60 4A  1  4  3  0  0  0
180629T20:13:18.441592mb >> 55 AA  0 6E  1 60 4A  1  4  3 40  0  0
180629T20:15:11.157491mb ####  
180629T20:15:11.157491mb #### (cancelled) 
180629T20:15:11.157491mb #### mode 11: all key on 
180629T20:15:11.157491mb ####  
180629T20:15:11.157491mb #### pressing all keys 
180629T20:15:11.157491mb #### check 
180629T20:15:11.157491mb >> 55 AA  0 6E  1 60 4B 10  1  0
180629T20:15:59.254105mb ####  
180629T20:15:59.254105mb #### (ok) 
180629T20:15:59.254105mb #### mode 12: key adjust 
180629T20:15:59.254105mb ####  
180629T20:15:59.254105mb >> 55 AA  0 6E  1 60 4C  0  2 14  0
180629T20:16:43.219659mb #### (pressed key 21) 
180629T20:16:43.219659mb #### key 1 
180629T20:16:43.219659mb >> 55 AA  0 6E  1 60 4C  0  2  0  0
180629T20:17:02.144408mb ####  
180629T20:17:02.144408mb #### key 30 
180629T20:17:02.144408mb >> 55 AA  0 6E  1 60 4C  0  2 1D  0
180629T20:17:40.378246mb ####  
180629T20:17:40.378246mb #### mode 13: touch select 
180629T20:17:40.378246mb >> 55 AA  0 6E  1 60 4D  0  1  0
180629T20:22:34.299419mb ####  
180629T20:22:34.299419mb #### > 
180629T20:22:34.299419mb #### > 
180629T20:22:34.299419mb ####  
180629T20:22:34.299419mb #### > 
180629T20:22:34.299419mb ####  
180629T20:22:34.299419mb #### > 
180629T20:22:34.299419mb #### < 
180629T20:22:34.299419mb ####  
180629T20:22:34.299419mb #### < 
180629T20:22:34.299419mb ####  
180629T20:22:34.299419mb #### < 
180629T20:22:34.299419mb ####  
180629T20:22:34.299419mb #### < 
180629T20:22:34.299419mb #### (iterates through acoustic pianos) 
180629T20:22:34.299419mb ####  
180629T20:22:34.299419mb #### mode 14: version 
180629T20:22:34.299419mb ####  
180629T20:22:34.299419mb #### OS 1.0.0 
180629T20:22:34.299419mb #### APC 1.0.2 
180629T20:22:34.299419mb #### library 1.0.1 
180629T20:22:34.299419mb ####  
180629T20:22:34.299419mb #### switch off 
180629T20:22:34.299419mb >>  1  0 48  8  0  2 84  4 80 80  4  2  0  0  0  0