
180701T15:20:39.850424mb >> 55 AA  0 71  1 7F 7F  0  1  0 55 AA  0 6E  1 7E  0  0  0 55 AA  0 6E  1 65  0  0  1  1 55 AA  0 6E  1 65  1  0  1  1 55 AA  0 6E  1 10  B  0  1  0 55 AA  0 6E  1 70  2  0  1  0 55 AA  0 6E  1 70  1  0  1  1 55 AA  0 6E  1 16  2  0  1  1 55 AA  0 6E  1 16  0  0  1  1 55 AA  0 6E  1  A  1  0  2  0 78 55 AA  0 6E  1  A  2  0  1  3 55 AA  0 6E  1  A  3  0  1  6 55 AA  0 6E  1  0  0  0  1  1 55 AA  0 6E  1  4  0  0  1  0 55 AA  0 6E  1  4  1  0  1  5
180701T15:23:21.660838mb #### (switched on) 
180701T15:23:21.660838mb #### music button 
180701T15:23:21.660838mb #### recorder playback 
180701T15:23:21.660838mb >> 55 AA  0 72  1 21 61  0  1  0 55 AA  0 72  1 21 61  1  1  0 55 AA  0 72  1 21 61  2  1  0 55 AA  0 72  1 20 61  0  1  1 55 AA  0 72  1 20 61  1  1  0 55 AA  0 72  1 20 61  2  1  1 55 AA  0 72  1 20 61  3  1  0 55 AA  0 72  1 20 61  4  1  0 55 AA  0 72  1 20 61  5  1  0 55 AA  0 72  1 20 61  6  1  0 55 AA  0 72  1 20 61  7  1  1 55 AA  0 72  1 20 61  8  1  0 55 AA  0 72  1 20 61  9  1  0
180701T15:23:51.608960mb ####  
180701T15:23:51.608960mb #### sound song 8 
180701T15:23:51.608960mb >> 55 AA  0 6E  1  1  0  0  1  0 55 AA  0 6E  1  2  0  0  1  0 55 AA  0 6E  1  8  0  0  1  1 55 AA  0 6E  1  9  0  0  1  0 55 AA  0 6E  1 10  0  0  1  0 55 AA  0 6E  1  A  0  0  1  0 55 AA  0 6E  1  A  1  0  2  0 78 55 AA  0 6E  1  A  2  0  1  3 55 AA  0 6E  1  A  3  0  1  7
180701T15:23:51.755971mb >> 55 AA  0 6E  1 71  2  0  2  0  4 55 AA  0 6E  1 71  3  0  2  0  0 55 AA  0 6E  1 20  0  0  1  0 55 AA  0 6E  1 20  1  0  1  2 55 AA  0 6E  1 20  2  0  1  0 55 AA  0 6E  1 20 60  0  1  1 55 AA  0 6E  1 20 60  1  1  1 55 AA  0 6E  1 71  2  0  2  0  4 55 AA  0 6E  1 71  3  0  2  0  0 55 AA  0 6E  1 20 60  0  1  1 55 AA  0 6E  1 20 60  1  1  1 55 AA  0 6E  1 71  3  0  2  0  1
180701T15:23:53.741396mb >> 55 AA  0 6E  1 71  3  0  2  0  2
180701T15:23:55.742871mb >> 55 AA  0 6E  1 71  3  0  2  0  3
180701T15:23:57.744288mb >> 55 AA  0 6E  1 71  3  0  2  0  4
180701T15:24:00.242120mb >> 55 AA  0 6E  1 71  2  0  2  0  4 55 AA  0 6E  1 71  3  0  2  0  0 55 AA  0 6E  1 71 12  0  0
180701T15:24:36.587411mb #### (end of song) 
180701T15:24:36.587411mb #### settings 
180701T15:24:36.587411mb >> 55 AA  0 72  1 20  1  0  1  2 55 AA  0 72  1 20  4  0  1  0
180701T15:25:26.799165mb ####  
180701T15:25:26.799165mb #### load from usb 
180701T15:25:26.799165mb >> 55 AA  0 72  1 14 40  0  9 64 69 72 64 69 72 64 69 72 55 AA  0 72  1 14 50  0  1  2 55 AA  0 72  1 14 40  1  5 6B 73 6F 35 30 55 AA  0 72  1 14 50  1  1  6 55 AA  0 72  1 14 40  2  5 6B 73 6F 35 31 55 AA  0 72  1 14 50  2  1  6 55 AA  0 72  1 14 40  3  4 6B 73 6F 37 55 AA  0 72  1 14 50  3  1  6 55 AA  0 72  1 14 40  4  6 74 74 74 6B 73 6F 55 AA  0 72  1 14 50  4  1  6
180701T15:26:37.944310mb ####  
180701T15:26:37.944310mb #### select tttkso.KSO (5th) 
180701T15:26:37.944310mb >> 55 AA  0 71  1 14 60  7  0
180701T15:26:41.066329mb >> 55 AA  0 72  1 20  1  0  1  2 55 AA  0 72  1 20  4  0  1  0
180701T15:27:13.745569mb ####  
180701T15:27:13.745569mb #### close 
180701T15:27:13.745569mb #### back (<) 
180701T15:27:13.745569mb >> 55 AA  0 72  1 21 61  0  1  0 55 AA  0 72  1 21 61  1  1  0 55 AA  0 72  1 21 61  2  1  0 55 AA  0 72  1 20 61  0  1  1 55 AA  0 72  1 20 61  1  1  0 55 AA  0 72  1 20 61  2  1  1 55 AA  0 72  1 20 61  3  1  0 55 AA  0 72  1 20 61  4  1  0 55 AA  0 72  1 20 61  5  1  0 55 AA  0 72  1 20 61  6  1  0 55 AA  0 72  1 20 61  7  1  1 55 AA  0 72  1 20 61  8  1  0 55 AA  0 72  1 20 61  9  1  0
180701T15:30:17.370536mb ####  
180701T15:30:17.370536mb #### (can'select empty sound songs here) 
180701T15:30:17.370536mb #### back (<) 
180701T15:30:17.370536mb #### recorder playback 
180701T15:30:17.370536mb >> 55 AA  0 72  1 21 61  0  1  0 55 AA  0 72  1 21 61  1  1  0 55 AA  0 72  1 21 61  2  1  0 55 AA  0 72  1 20 61  0  1  1 55 AA  0 72  1 20 61  1  1  0 55 AA  0 72  1 20 61  2  1  1 55 AA  0 72  1 20 61  3  1  0 55 AA  0 72  1 20 61  4  1  0 55 AA  0 72  1 20 61  5  1  0 55 AA  0 72  1 20 61  6  1  0 55 AA  0 72  1 20 61  7  1  1 55 AA  0 72  1 20 61  8  1  0 55 AA  0 72  1 20 61  9  1  0
180701T15:31:03.191221mb ####  
180701T15:31:03.191221mb #### switch  
180701T15:31:03.191221mb #### off 
180701T15:31:03.191221mb >> C0 1F  0 40  8  4  2  0 10  0  0  0  0  0