
180701T15:20:22.488569ui >>  0
180701T15:20:38.641743ui >> FF
180701T15:20:39.842528ui >> 55 AA  0 61  1 7F 7F  0  1  0
180701T15:20:41.155224ui >> 55 AA  0 60  1  A  3  0  1  6 55 AA  0 60  1  A  3  0  1  6
180701T15:23:21.647852ui #### (switched on) 
180701T15:23:21.647852ui #### music button 
180701T15:23:21.647852ui #### recorder playback 
180701T15:23:21.647852ui >> 55 AA  0 62  D 21 61  0  1  0 21 61  1  1  0 21 61  2  1  0 20 61  0  1  0 20 61  1  1  0 20 61  2  1  0 20 61  3  1  0 20 61  4  1  0 20 61  5  1  0 20 61  6  1  0 20 61  7  1  0 20 61  8  1  0 20 61  9  1  0
180701T15:23:51.296777ui ####  
180701T15:23:51.296777ui #### sound song 8 
180701T15:23:51.296777ui >> 55 AA  0 60  1 71 12  0  1  0 55 AA  0 60  1  0  0  0  1  0 55 AA  0 60  1 7E  2  0  1  0 55 AA  0 60  1 20  0  0  1  7 55 AA  0 60  1 71 10  0  1  0
180701T15:23:51.697039ui >> 55 AA  0 60  1  A  3  0  1  7 55 AA  0 60  1  A  3  0  1  7
180701T15:24:36.586782ui #### (end of song) 
180701T15:24:36.586782ui #### settings 
180701T15:24:36.586782ui >> 55 AA  0 62  2 20  1  0  1  0 20  4  0  1  0
180701T15:25:26.775779ui ####  
180701T15:25:26.775779ui #### load from usb 
180701T15:25:26.775779ui >> 55 AA  0 62  1 14 40 FF  0
180701T15:26:35.887323ui ####  
180701T15:26:35.887323ui #### select tttkso.KSO (5th) 
180701T15:26:35.887323ui >> 55 AA  0 60  1 14  0  0  1  4 55 AA  0 61  1 14 60  7  0
180701T15:26:41.058224ui >> 55 AA  0 62  2 20  1  0  1  0 20  4  0  1  0
180701T15:27:13.754801ui ####  
180701T15:27:13.754801ui #### close 
180701T15:27:13.754801ui #### back (<) 
180701T15:27:13.754801ui >> 55 AA  0 62  D 21 61  0  1  0 21 61  1  1  0 21 61  2  1  0 20 61  0  1  0 20 61  1  1  0 20 61  2  1  0 20 61  3  1  0 20 61  4  1  0 20 61  5  1  0 20 61  6  1  0 20 61  7  1  0 20 61  8  1  0 20 61  9  1  0
180701T15:30:17.378403ui ####  
180701T15:30:17.378403ui #### (can'select empty sound songs here) 
180701T15:30:17.378403ui #### back (<) 
180701T15:30:17.378403ui #### recorder playback 
180701T15:30:17.378403ui >> 55 AA  0 62  D 21 61  0  1  0 21 61  1  1  0 21 61  2  1  0 20 61  0  1  0 20 61  1  1  0 20 61  2  1  0 20 61  3  1  0 20 61  4  1  0 20 61  5  1  0 20 61  6  1  0 20 61  7  1  0 20 61  8  1  0 20 61  9  1  0
180701T15:31:03.191373ui ####  
180701T15:31:03.191373ui #### switch  
180701T15:31:03.191373ui #### off 
180701T15:31:03.191373ui >>  4 22  0  0  0  0  1  0  0