
190315T17:33:10.778812mb #### switch on 
190315T17:33:10.778812mb >> 55 AA  0 71  1 7F 7F  0  1  0 55 AA  0 6E  1 7E  0  0  0 55 AA  0 6E  1 65  0  0  1  1 55 AA  0 6E  1 65  1  0  1  1 55 AA  0 6E  1 10  B  0  1  0 55 AA  0 6E  1 70  2  0  1  0 55 AA  0 6E  1 70  1  0  1  0 55 AA  0 6E  1 16  2  0  1  1 55 AA  0 6E  1 16  0  0  1  1 55 AA  0 6E  1  A  1  0  2  0 78 55 AA  0 6E  1  A  2  0  1  3 55 AA  0 6E  1  A  3  0  1  6 55 AA  0 6E  1  0  0  0  1  1 55 AA  0 6E  1  4  0  0  1  0 55 AA  0 6E  1  4  1  0  1  5
190315T17:35:42.104026mb ####  
190315T17:35:42.104026mb #### (auto display off = on) 
190315T17:35:42.104026mb #### settings 
190315T17:35:42.104026mb >> 55 AA  0 72  1  4  2  0  1  0 55 AA  0 72  1  4  3  0  1  5
190315T17:35:49.632428mb >> 55 AA  0 72  1 16  2  0  1  1 55 AA  0 72  1 16  0  0  1  1 55 AA  0 72  1 16  1  0  1  0 55 AA  0 72  1 13  0  0  1  0 55 AA  0 72  1 13  1  0  1  0 55 AA  0 72  1 13  2  0  1  1 55 AA  0 72  1 13  3  0  1  1 55 AA  0 72  1 13  4  0  1  0 55 AA  0 72  1 17  2  0  1  5 55 AA  0 72  1 17  0  0  1  1 55 AA  0 72  1 10  A  0  1  0 55 AA  0 72  1 10  B  0  1  0 55 AA  0 72  1 13 40  0  1  1
190315T17:37:30.590615mb ####  
190315T17:37:30.590615mb #### auto display off = off 
190315T17:37:30.590615mb #### lcd contrast up from 5 
190315T17:37:30.590615mb ####  
190315T17:37:30.590615mb #### back (<) 
190315T17:37:30.590615mb >> 55 AA  0 72  1  4  2  0  1  0 55 AA  0 72  1  4  3  0  1  5
190315T17:38:37.685968mb ####  
190315T17:38:37.685968mb #### close 
190315T17:38:37.685968mb #### switch off 
190315T17:38:37.685968mb >> 49 46 80 40  0  0  2  0  0  0  0  0  0  0  0
190315T17:39:19.618401mb ####  
190315T17:39:19.618401mb #### switch on with new lcd settings 
190315T17:39:19.618401mb >> 55 AA  0 71  1 7F 7F  0  1  0 55 AA  0 6E  1 7E  0  0  0 55 AA  0 6E  1 65  0  0  1  1 55 AA  0 6E  1 65  1  0  1  1 55 AA  0 6E  1 10  B  0  1  0 55 AA  0 6E  1 70  2  0  1  0 55 AA  0 6E  1 70  1  0  1  0 55 AA  0 6E  1 16  2  0  1  1 55 AA  0 6E  1 16  0  0  1  1 55 AA  0 6E  1  A  1  0  2  0 78 55 AA  0 6E  1  A  2  0  1  3 55 AA  0 6E  1  A  3  0  1  6 55 AA  0 6E  1  0  0  0  1  1 55 AA  0 6E  1  4  0  0  1  0 55 AA  0 6E  1  4  1  0  1  5
190315T17:39:50.478469mb ####  
190315T17:39:50.478469mb #### switch off 
190315T17:39:50.478469mb >>  2 10 44 12 20 22  0  0  0 40 20  0