
190309T13:50:20.272985mb >>  0  0
190309T13:51:35.105803mb ####  
190309T13:51:35.105803mb #### switch on, press 10 seconds for firmware update 
190309T13:51:35.105803mb >> 55 AA  0 71  1 7F 7F  0  1  0 55 AA  0 6E  1 7F  3  0  0
190309T13:51:41.668706mb >> 55 AA  0 6E  1 63 40  0  C 4E 56 31 30 5F 45 55 5F 2E 53 59 53 55 AA  0 6E  1 63 41  0  4  0  6  0  0
190309T13:51:41.876699mb >> 55 AA  0 6E  1 63 41  0  4  0  7  0  0 55 AA  0 6E  1 63 41  0  4  0  8  0  0
190309T13:51:42.132957mb >> 55 AA  0 6E  1 63 41  0  4  0  9  0  0 55 AA  0 6E  1 63 41  0  4  0  A  0  0
190309T13:51:42.372787mb >> 55 AA  0 6E  1 63 41  0  4  0  B  0  0 55 AA  0 6E  1 63 41  0  4  0  C  0  0
190309T13:51:42.613108mb >> 55 AA  0 6E  1 63 41  0  4  0  D  0  0 55 AA  0 6E  1 63 41  0  4  0  E  0  0
190309T13:51:42.853184mb >> 55 AA  0 6E  1 63 41  0  4  0  F  0  0 55 AA  0 6E  1 63 41  0  4  0 10  0  0
190309T13:51:43.109189mb >> 55 AA  0 6E  1 63 41  0  4  0 11  0  0 55 AA  0 6E  1 63 41  0  4  0 12  0  0
190309T13:51:43.349251mb >> 55 AA  0 6E  1 63 41  0  4  0 13  0  0 55 AA  0 6E  1 63 41  0  4  0 14  0  0
190309T13:51:43.605440mb >> 55 AA  0 6E  1 63 41  0  4  0 15  0  0 55 AA  0 6E  1 63 41  0  4  0 16  0  0
190309T13:51:43.845538mb >> 55 AA  0 6E  1 63 41  0  4  0 17  0  0 55 AA  0 6E  1 63 41  0  4  0 18  0  0
190309T13:51:44.037813mb >> 55 AA  0 6E  1 63 41  0  4  0 19  0  0 55 AA  0 6E  1 63 41  0  4  0 1A  0  0
190309T13:51:44.261640mb >> 55 AA  0 6E  1 63 41  0  4  0 1B  0  0 55 AA  0 6E  1 63 41  0  4  0 1C  0  0
190309T13:51:44.501974mb >> 55 AA  0 6E  1 63 41  0  4  0 1D  0  0 55 AA  0 6E  1 63 41  0  4  0 1E  0  0
190309T13:51:44.741962mb >> 55 AA  0 6E  1 63 41  0  4  0 1F  0  0 55 AA  0 6E  1 63 41  0  4  0 20  0  0
190309T13:51:44.997917mb >> 55 AA  0 6E  1 63 41  0  4  0 21  0  0 55 AA  0 6E  1 63 41  0  4  0 22  0  0
190309T13:51:45.254268mb >> 55 AA  0 6E  1 63 41  0  4  0 23  0  0 55 AA  0 6E  1 63 41  0  4  0 24  0  0
190309T13:51:45.510318mb >> 55 AA  0 6E  1 63 41  0  4  0 25  0  0 55 AA  0 6E  1 63 41  0  4  0 26  0  0
190309T13:51:45.766381mb >> 55 AA  0 6E  1 63 41  0  4  0 27  0  0 55 AA  0 6E  1 63 41  0  4  0 28  0  0
190309T13:51:46.022521mb >> 55 AA  0 6E  1 63 41  0  4  0 29  0  0 55 AA  0 6E  1 63 41  0  4  0 2A  0  0
190309T13:51:46.278671mb >> 55 AA  0 6E  1 63 41  0  4  0 2B  0  0 55 AA  0 6E  1 63 41  0  4  0 2C  0  0
190309T13:51:46.502724mb >> 55 AA  0 6E  1 63 41  0  4  0 2D  0  0 55 AA  0 6E  1 63 41  0  4  0 2E  0  0
190309T13:51:46.726697mb >> 55 AA  0 6E  1 63 41  0  4  0 2F  0  0 55 AA  0 6E  1 63 41  0  4  0 30  0  0
190309T13:51:46.918985mb >> 55 AA  0 6E  1 63 41  0  4  0 31  0  0 55 AA  0 6E  1 63 41  0  4  0 32  0  0
190309T13:51:47.143112mb >> 55 AA  0 6E  1 63 41  0  4  0 33  0  0 55 AA  0 6E  1 63 41  0  4  0 34  0  0
190309T13:51:47.382973mb >> 55 AA  0 6E  1 63 41  0  4  0 35  0  0 55 AA  0 6E  1 63 41  0  4  0 36  0  0 55 AA  0 6E  1 63 41  0  4  0 37  0  0 55 AA  0 6E  1 63 41  0  4  0 37 FF FF
190309T13:51:47.607240mb >> 55 AA  0 6E  1 63 42  0  1  0
190309T13:51:48.039245mb >> 55 AA  0 6E  1 63  1  0  1  0
190309T13:54:35.687540mb #### (writing NV10_EU_SYS; counting to 0037fff; OK!; press power switch 7 seconds to turn off) 
190309T13:54:35.687540mb #### switch off, press 7 seconds 
190309T13:54:35.687540mb >> BA 88  1  0  2  0 82  0  0 80  0  0  0  0  0  0  0  0  0
190309T13:55:59.132678mb ####  
190309T13:55:59.132678mb #### switch on, press 10 seconds for firmware update, no usb drive present 
190309T13:55:59.132678mb >> 55 AA  0 71  1 7F 7F  0  1  0 55 AA  0 6E  1 7F  3  0  0
190309T13:57:31.931440mb #### (no device) 
190309T13:57:31.931440mb #### switch off, press 7 seconds 
190309T13:57:31.931440mb >> 4E 40 A0  0  4  0  0  0  0 80  0  0  0 80  0  0  0  0  0  0  0
