
190309T12:11:40.241127mb >> 55 AA  0 71  1 7F 7F  0  1  0 55 AA  0 6E  1 7F  0  0  0
190309T12:12:41.340163mb #### switch on, pedals 1, 2 down 
190309T12:12:41.340163mb #### mode 0 
190309T12:12:41.340163mb >> 55 AA  0 6E  1 70  3  0  1  0
190309T12:13:55.388956mb #### (mode 1) 
190309T12:13:55.388956mb #### pedal 3 
190309T12:13:55.388956mb >> 55 AA  0 6E  1 60 41  0  1  5 55 AA  0 6E  1 60 41  0  1  7 55 AA  0 6E  1 60 41  0  1  A 55 AA  0 6E  1 60 41  0  1  F 55 AA  0 6E  1 60 41  0  1 14 55 AA  0 6E  1 60 41  0  1 19 55 AA  0 6E  1 60 41  0  1 1F 55 AA  0 6E  1 60 41  0  1 24 55 AA  0 6E  1 60 41  0  1 29 55 AA  0 6E  1 60 41  0  1 2F 55 AA  0 6E  1 60 41  0  1 34 55 AA  0 6E  1 60 41  0  1 39 55 AA  0 6E  1 60 41  0  1 3F 55 AA  0 6E  1 60 41  0  1 44 55 AA  0 6E  1 60 41  0  1 49 55 AA  0 6E  1 60 41  0  1 4F 55 AA  0 6E  1 60 41  0  1 59 55 AA  0 6E  1 60 41  0  1 5F 55 AA  0 6E  1 60 41  0  1 64 55 AA  0 6E  1 60 41  0  1 69 55 AA  0 6E  1 60 41  0  1 74 55 AA  0 6E  1 60 41  0  1 79 55 AA  0 6E  1 60 41  0  1 7F
190309T12:13:57.341779mb >> 55 AA  0 6E  1 60 41  0  1 79 55 AA  0 6E  1 60 41  0  1 74 55 AA  0 6E  1 60 41  0  1 6F 55 AA  0 6E  1 60 41  0  1 69 55 AA  0 6E  1 60 41  0  1 64 55 AA  0 6E  1 60 41  0  1 5F 55 AA  0 6E  1 60 41  0  1 59 55 AA  0 6E  1 60 41  0  1 54 55 AA  0 6E  1 60 41  0  1 4F 55 AA  0 6E  1 60 41  0  1 49 55 AA  0 6E  1 60 41  0  1 44 55 AA  0 6E  1 60 41  0  1 3F 55 AA  0 6E  1 60 41  0  1 39 55 AA  0 6E  1 60 41  0  1 34 55 AA  0 6E  1 60 41  0  1 2F 55 AA  0 6E  1 60 41  0  1 29 55 AA  0 6E  1 60 41  0  1 24 55 AA  0 6E  1 60 41  0  1 1F 55 AA  0 6E  1 60 41  0  1 19 55 AA  0 6E  1 60 41  0  1 14 55 AA  0 6E  1 60 41  0  1  F 55 AA  0 6E  1 60 41  0  1  A 55 AA  0 6E  1 60 41  0  1  7 55 AA  0 6E  1 60 41  0  1  5 55 AA  0 6E  1 60 41  0  1  0
190309T12:14:27.931521mb ####  
190309T12:14:27.931521mb #### pedal 2 
190309T12:14:27.931521mb >> 55 AA  0 6E  1 60 41  1  1 7F
190309T12:14:33.149757mb >> 55 AA  0 6E  1 60 41  1  1  0
190309T12:15:15.680294mb #### ("on") 
190309T12:15:15.680294mb #### pedal 1 
190309T12:15:15.680294mb >> 55 AA  0 6E  1 60 41  2  1 7F
190309T12:15:18.193435mb >> 55 AA  0 6E  1 60 41  2  1  0
190309T12:15:55.698173mb #### ("on") 
190309T12:15:55.698173mb #### main volume 
190309T12:15:55.698173mb >> 55 AA  0 6E  1 60 41  3  1  B 55 AA  0 6E  1 60 41  3  1  A 55 AA  0 6E  1 60 41  3  1  9 55 AA  0 6E  1 60 41  3  1  8 55 AA  0 6E  1 60 41  3  1  7 55 AA  0 6E  1 60 41  3  1  6 55 AA  0 6E  1 60 41  3  1  5 55 AA  0 6E  1 60 41  3  1  4 55 AA  0 6E  1 60 41  3  1  2
190309T12:15:56.162442mb >> 55 AA  0 6E  1 60 41  3  1  1
190309T12:15:56.290443mb >> 55 AA  0 6E  1 60 41  3  1  0
190309T12:15:58.243252mb >> 55 AA  0 6E  1 60 41  3  1  1 55 AA  0 6E  1 60 41  3  1  2 55 AA  0 6E  1 60 41  3  1  4 55 AA  0 6E  1 60 41  3  1  5 55 AA  0 6E  1 60 41  3  1  6 55 AA  0 6E  1 60 41  3  1  7 55 AA  0 6E  1 60 41  3  1  8 55 AA  0 6E  1 60 41  3  1  9 55 AA  0 6E  1 60 41  3  1  A 55 AA  0 6E  1 60 41  3  1  B 55 AA  0 6E  1 60 41  3  1  D 55 AA  0 6E  1 60 41  3  1  E 55 AA  0 6E  1 60 41  3  1  F 55 AA  0 6E  1 60 41  3  1 10 55 AA  0 6E  1 60 41  3  1 11 55 AA  0 6E  1 60 41  3  1 12 55 AA  0 6E  1 60 41  3  1 13 55 AA  0 6E  1 60 41  3  1 14 55 AA  0 6E  1 60 41  3  1 16 55 AA  0 6E  1 60 41  3  1 17 55 AA  0 6E  1 60 41  3  1 18 55 AA  0 6E  1 60 41  3  1 19 55 AA  0 6E  1 60 41  3  1 1A 55 AA  0 6E  1 60 41  3  1 1B 55 AA  0 6E  1 60 41  3  1 1C 55 AA  0 6E  1 60 41  3  1 1D 55 AA  0 6E  1 60 41  3  1 1F 55 AA  0 6E  1 60 41  3  1 20 55 AA  0 6E  1 60 41  3  1 21 55 AA  0 6E  1 60 41  3  1 22 55 AA  0 6E  1 60 41  3  1 23 55 AA  0 6E  1 60 41  3  1 24 55 AA  0 6E  1 60 41  3  1 25 55 AA  0 6E  1 60 41  3  1 26 55 AA  0 6E  1 60 41  3  1 28 55 AA  0 6E  1 60 41  3  1 29 55 AA  0 6E  1 60 41  3  1 2A 55 AA  0 6E  1 60 41  3  1 2B 55 AA  0 6E  1 60 41  3  1 2C 55 AA  0 6E  1 60 41  3  1 2D 55 AA  0 6E  1 60 41  3  1 2E 55 AA  0 6E  1 60 41  3  1 2F 55 AA  0 6E  1 60 41  3  1 31 55 AA  0 6E  1 60 41  3  1 32 55 AA  0 6E  1 60 41  3  1 33 55 AA  0 6E  1 60 41  3  1 34 55 AA  0 6E  1 60 41  3  1 35 55 AA  0 6E  1 60 41  3  1 36 55 AA  0 6E  1 60 41  3  1 37 55 AA  0 6E  1 60 41  3  1 38 55 AA  0 6E  1 60 41  3  1 3A 55 AA  0 6E  1 60 41  3  1 3B 55 AA  0 6E  1 60 41  3  1 3C 55 AA  0 6E  1 60 41  3  1 3D 55 AA  0 6E  1 60 41  3  1 3E 55 AA  0 6E  1 60 41  3  1 3F 55 AA  0 6E  1 60 41  3  1 40 55 AA  0 6E  1 60 41  3  1 41 55 AA  0 6E  1 60 41  3  1 43 55 AA  0 6E  1 60 41  3  1 44 55 AA  0 6E  1 60 41  3  1 45 55 AA  0 6E  1 60 41  3  1 46 55 AA  0 6E  1 60 41  3  1 47 55 AA  0 6E  1 60 41  3  1 48 55 AA  0 6E  1 60 41  3  1 49 55 AA  0 6E  1 60 41  3  1 4A 55 AA  0 6E  1 60 41  3  1 4C 55 AA  0 6E  1 60 41  3  1 4D 55 AA  0 6E  1 60 41  3  1 4E 55 AA  0 6E  1 60 41  3  1 4F 55 AA  0 6E  1 60 41  3  1 50 55 AA  0 6E  1 60 41  3  1 51 55 AA  0 6E  1 60 41  3  1 52 55 AA  0 6E  1 60 41  3  1 53 55 AA  0 6E  1 60 41  3  1 55 55 AA  0 6E  1 60 41  3  1 56 55 AA  0 6E  1 60 41  3  1 57 55 AA  0 6E  1 60 41  3  1 58 55 AA  0 6E  1 60 41  3  1 59 55 AA  0 6E  1 60 41  3  1 5A 55 AA  0 6E  1 60 41  3  1 5B 55 AA  0 6E  1 60 41  3  1 5C 55 AA  0 6E  1 60 41  3  1 5E 55 AA  0 6E  1 60 41  3  1 5F 55 AA  0 6E  1 60 41  3  1 60 55 AA  0 6E  1 60 41  3  1 61 55 AA  0 6E  1 60 41  3  1 62 55 AA  0 6E  1 60 41  3  1 63 55 AA  0 6E  1 60 41  3  1 64 55 AA  0 6E  1 60 41  3  1 66 55 AA  0 6E  1 60 41  3  1 67 55 AA  0 6E  1 60 41  3  1 68 55 AA  0 6E  1 60 41  3  1 69 55 AA  0 6E  1 60 41  3  1 6A 55 AA  0 6E  1 60 41  3  1 6B 55 AA  0 6E  1 60 41  3  1 6C 55 AA  0 6E  1 60 41  3  1 6D 55 AA  0 6E  1 60 41  3  1 6F 55 AA  0 6E  1 60 41  3  1 70 55 AA  0 6E  1 60 41  3  1 71 55 AA  0 6E  1 60 41  3  1 72 55 AA  0 6E  1 60 41  3  1 73 55 AA  0 6E  1 60 41  3  1 74 55 AA  0 6E  1 60 41  3  1 75 55 AA  0 6E  1 60 41  3  1 76 55 AA  0 6E  1 60 41  3  1 78 55 AA  0 6E  1 60 41  3  1 79 55 AA  0 6E  1 60 41  3  1 7A 55 AA  0 6E  1 60 41  3  1 7B 55 AA  0 6E  1 60 41  3  1 7C 55 AA  0 6E  1 60 41  3  1 7D 55 AA  0 6E  1 60 41  3  1 7E 55 AA  0 6E  1 60 41  3  1 7F
190309T12:16:00.772150mb >> 55 AA  0 6E  1 60 41  3  1 7E 55 AA  0 6E  1 60 41  3  1 7D 55 AA  0 6E  1 60 41  3  1 7C 55 AA  0 6E  1 60 41  3  1 7B 55 AA  0 6E  1 60 41  3  1 7A 55 AA  0 6E  1 60 41  3  1 79 55 AA  0 6E  1 60 41  3  1 78 55 AA  0 6E  1 60 41  3  1 76 55 AA  0 6E  1 60 41  3  1 75 55 AA  0 6E  1 60 41  3  1 74 55 AA  0 6E  1 60 41  3  1 73 55 AA  0 6E  1 60 41  3  1 72 55 AA  0 6E  1 60 41  3  1 71 55 AA  0 6E  1 60 41  3  1 70 55 AA  0 6E  1 60 41  3  1 6F 55 AA  0 6E  1 60 41  3  1 6D 55 AA  0 6E  1 60 41  3  1 6C 55 AA  0 6E  1 60 41  3  1 6B 55 AA  0 6E  1 60 41  3  1 6A 55 AA  0 6E  1 60 41  3  1 69 55 AA  0 6E  1 60 41  3  1 68 55 AA  0 6E  1 60 41  3  1 67 55 AA  0 6E  1 60 41  3  1 66 55 AA  0 6E  1 60 41  3  1 64 55 AA  0 6E  1 60 41  3  1 63 55 AA  0 6E  1 60 41  3  1 62 55 AA  0 6E  1 60 41  3  1 61 55 AA  0 6E  1 60 41  3  1 60 55 AA  0 6E  1 60 41  3  1 5F 55 AA  0 6E  1 60 41  3  1 5E 55 AA  0 6E  1 60 41  3  1 5C 55 AA  0 6E  1 60 41  3  1 5B 55 AA  0 6E  1 60 41  3  1 5A 55 AA  0 6E  1 60 41  3  1 59 55 AA  0 6E  1 60 41  3  1 58 55 AA  0 6E  1 60 41  3  1 57 55 AA  0 6E  1 60 41  3  1 56 55 AA  0 6E  1 60 41  3  1 55 55 AA  0 6E  1 60 41  3  1 53 55 AA  0 6E  1 60 41  3  1 52 55 AA  0 6E  1 60 41  3  1 51 55 AA  0 6E  1 60 41  3  1 50 55 AA  0 6E  1 60 41  3  1 4F 55 AA  0 6E  1 60 41  3  1 4E 55 AA  0 6E  1 60 41  3  1 4D 55 AA  0 6E  1 60 41  3  1 4B 55 AA  0 6E  1 60 41  3  1 4A 55 AA  0 6E  1 60 41  3  1 49 55 AA  0 6E  1 60 41  3  1 48 55 AA  0 6E  1 60 41  3  1 47 55 AA  0 6E  1 60 41  3  1 46 55 AA  0 6E  1 60 41  3  1 45 55 AA  0 6E  1 60 41  3  1 44 55 AA  0 6E  1 60 41  3  1 42 55 AA  0 6E  1 60 41  3  1 41 55 AA  0 6E  1 60 41  3  1 40 55 AA  0 6E  1 60 41  3  1 3F 55 AA  0 6E  1 60 41  3  1 3E 55 AA  0 6E  1 60 41  3  1 3D 55 AA  0 6E  1 60 41  3  1 3C 55 AA  0 6E  1 60 41  3  1 3B 55 AA  0 6E  1 60 41  3  1 39 55 AA  0 6E  1 60 41  3  1 38 55 AA  0 6E  1 60 41  3  1 37 55 AA  0 6E  1 60 41  3  1 36 55 AA  0 6E  1 60 41  3  1 35 55 AA  0 6E  1 60 41  3  1 34 55 AA  0 6E  1 60 41  3  1 33 55 AA  0 6E  1 60 41  3  1 31 55 AA  0 6E  1 60 41  3  1 30 55 AA  0 6E  1 60 41  3  1 2F 55 AA  0 6E  1 60 41  3  1 2E 55 AA  0 6E  1 60 41  3  1 2D 55 AA  0 6E  1 60 41  3  1 2C 55 AA  0 6E  1 60 41  3  1 2B 55 AA  0 6E  1 60 41  3  1 2A 55 AA  0 6E  1 60 41  3  1 28 55 AA  0 6E  1 60 41  3  1 27 55 AA  0 6E  1 60 41  3  1 26 55 AA  0 6E  1 60 41  3  1 25 55 AA  0 6E  1 60 41  3  1 24 55 AA  0 6E  1 60 41  3  1 23 55 AA  0 6E  1 60 41  3  1 22 55 AA  0 6E  1 60 41  3  1 20 55 AA  0 6E  1 60 41  3  1 1F 55 AA  0 6E  1 60 41  3  1 1E 55 AA  0 6E  1 60 41  3  1 1D 55 AA  0 6E  1 60 41  3  1 1C 55 AA  0 6E  1 60 41  3  1 1B 55 AA  0 6E  1 60 41  3  1 1A 55 AA  0 6E  1 60 41  3  1 19 55 AA  0 6E  1 60 41  3  1 17 55 AA  0 6E  1 60 41  3  1 16 55 AA  0 6E  1 60 41  3  1 15 55 AA  0 6E  1 60 41  3  1 14 55 AA  0 6E  1 60 41  3  1 13 55 AA  0 6E  1 60 41  3  1 12 55 AA  0 6E  1 60 41  3  1 10 55 AA  0 6E  1 60 41  3  1  F 55 AA  0 6E  1 60 41  3  1  E 55 AA  0 6E  1 60 41  3  1  D 55 AA  0 6E  1 60 41  3  1  C 55 AA  0 6E  1 60 41  3  1  B 55 AA  0 6E  1 60 41  3  1  A 55 AA  0 6E  1 60 41  3  1  9 55 AA  0 6E  1 60 41  3  1  7 55 AA  0 6E  1 60 41  3  1  6 55 AA  0 6E  1 60 41  3  1  5 55 AA  0 6E  1 60 41  3  1  4 55 AA  0 6E  1 60 41  3  1  3 55 AA  0 6E  1 60 41  3  1  2 55 AA  0 6E  1 60 41  3  1  1 55 AA  0 6E  1 60 41  3  1  0
190309T12:16:02.565039mb >> 55 AA  0 6E  1 60 41  3  1  1 55 AA  0 6E  1 60 41  3  1  2 55 AA  0 6E  1 60 41  3  1  3 55 AA  0 6E  1 60 41  3  1  4 55 AA  0 6E  1 60 41  3  1  5
190309T12:16:03.445404mb >> 55 AA  0 6E  1 60 41  3  1  6
190309T12:16:31.153634mb ####  
190309T12:16:31.153634mb #### line-in volume 
190309T12:16:31.153634mb >> 55 AA  0 6E  1 60 41  4  1  1 55 AA  0 6E  1 60 41  4  1  2 55 AA  0 6E  1 60 41  4  1  3 55 AA  0 6E  1 60 41  4  1  4 55 AA  0 6E  1 60 41  4  1  5 55 AA  0 6E  1 60 41  4  1  6 55 AA  0 6E  1 60 41  4  1  7 55 AA  0 6E  1 60 41  4  1  9 55 AA  0 6E  1 60 41  4  1  A 55 AA  0 6E  1 60 41  4  1  B 55 AA  0 6E  1 60 41  4  1  C 55 AA  0 6E  1 60 41  4  1  D 55 AA  0 6E  1 60 41  4  1  E 55 AA  0 6E  1 60 41  4  1  F 55 AA  0 6E  1 60 41  4  1 10 55 AA  0 6E  1 60 41  4  1 12 55 AA  0 6E  1 60 41  4  1 13 55 AA  0 6E  1 60 41  4  1 14 55 AA  0 6E  1 60 41  4  1 15 55 AA  0 6E  1 60 41  4  1 16 55 AA  0 6E  1 60 41  4  1 17 55 AA  0 6E  1 60 41  4  1 18 55 AA  0 6E  1 60 41  4  1 19 55 AA  0 6E  1 60 41  4  1 1B 55 AA  0 6E  1 60 41  4  1 1C 55 AA  0 6E  1 60 41  4  1 1D 55 AA  0 6E  1 60 41  4  1 1E 55 AA  0 6E  1 60 41  4  1 1F 55 AA  0 6E  1 60 41  4  1 20 55 AA  0 6E  1 60 41  4  1 21 55 AA  0 6E  1 60 41  4  1 22 55 AA  0 6E  1 60 41  4  1 24 55 AA  0 6E  1 60 41  4  1 25 55 AA  0 6E  1 60 41  4  1 26 55 AA  0 6E  1 60 41  4  1 27 55 AA  0 6E  1 60 41  4  1 28 55 AA  0 6E  1 60 41  4  1 29 55 AA  0 6E  1 60 41  4  1 2A 55 AA  0 6E  1 60 41  4  1 2B 55 AA  0 6E  1 60 41  4  1 2D 55 AA  0 6E  1 60 41  4  1 2E 55 AA  0 6E  1 60 41  4  1 2F 55 AA  0 6E  1 60 41  4  1 30 55 AA  0 6E  1 60 41  4  1 31 55 AA  0 6E  1 60 41  4  1 32 55 AA  0 6E  1 60 41  4  1 33 55 AA  0 6E  1 60 41  4  1 34 55 AA  0 6E  1 60 41  4  1 36 55 AA  0 6E  1 60 41  4  1 37 55 AA  0 6E  1 60 41  4  1 38 55 AA  0 6E  1 60 41  4  1 39 55 AA  0 6E  1 60 41  4  1 3A 55 AA  0 6E  1 60 41  4  1 3B 55 AA  0 6E  1 60 41  4  1 3C 55 AA  0 6E  1 60 41  4  1 3E 55 AA  0 6E  1 60 41  4  1 3F 55 AA  0 6E  1 60 41  4  1 40 55 AA  0 6E  1 60 41  4  1 41 55 AA  0 6E  1 60 41  4  1 42 55 AA  0 6E  1 60 41  4  1 43 55 AA  0 6E  1 60 41  4  1 44 55 AA  0 6E  1 60 41  4  1 46 55 AA  0 6E  1 60 41  4  1 47 55 AA  0 6E  1 60 41  4  1 48 55 AA  0 6E  1 60 41  4  1 49 55 AA  0 6E  1 60 41  4  1 4A 55 AA  0 6E  1 60 41  4  1 4B 55 AA  0 6E  1 60 41  4  1 4C 55 AA  0 6E  1 60 41  4  1 4E 55 AA  0 6E  1 60 41  4  1 4F 55 AA  0 6E  1 60 41  4  1 50 55 AA  0 6E  1 60 41  4  1 51 55 AA  0 6E  1 60 41  4  1 52 55 AA  0 6E  1 60 41  4  1 53 55 AA  0 6E  1 60 41  4  1 54 55 AA  0 6E  1 60 41  4  1 55 55 AA  0 6E  1 60 41  4  1 57 55 AA  0 6E  1 60 41  4  1 58 55 AA  0 6E  1 60 41  4  1 59 55 AA  0 6E  1 60 41  4  1 5A 55 AA  0 6E  1 60 41  4  1 5B 55 AA  0 6E  1 60 41  4  1 5C 55 AA  0 6E  1 60 41  4  1 5D 55 AA  0 6E  1 60 41  4  1 5F 55 AA  0 6E  1 60 41  4  1 60 55 AA  0 6E  1 60 41  4  1 61 55 AA  0 6E  1 60 41  4  1 62 55 AA  0 6E  1 60 41  4  1 63 55 AA  0 6E  1 60 41  4  1 64 55 AA  0 6E  1 60 41  4  1 65 55 AA  0 6E  1 60 41  4  1 67 55 AA  0 6E  1 60 41  4  1 68 55 AA  0 6E  1 60 41  4  1 69 55 AA  0 6E  1 60 41  4  1 6A 55 AA  0 6E  1 60 41  4  1 6B 55 AA  0 6E  1 60 41  4  1 6C 55 AA  0 6E  1 60 41  4  1 6D 55 AA  0 6E  1 60 41  4  1 6E 55 AA  0 6E  1 60 41  4  1 70 55 AA  0 6E  1 60 41  4  1 71 55 AA  0 6E  1 60 41  4  1 72 55 AA  0 6E  1 60 41  4  1 73 55 AA  0 6E  1 60 41  4  1 74 55 AA  0 6E  1 60 41  4  1 75 55 AA  0 6E  1 60 41  4  1 76 55 AA  0 6E  1 60 41  4  1 78 55 AA  0 6E  1 60 41  4  1 79 55 AA  0 6E  1 60 41  4  1 7A 55 AA  0 6E  1 60 41  4  1 7B 55 AA  0 6E  1 60 41  4  1 7C 55 AA  0 6E  1 60 41  4  1 7D 55 AA  0 6E  1 60 41  4  1 7E 55 AA  0 6E  1 60 41  4  1 7F
190309T12:16:32.866582mb >> 55 AA  0 6E  1 60 41  4  1 7E 55 AA  0 6E  1 60 41  4  1 7D 55 AA  0 6E  1 60 41  4  1 7C 55 AA  0 6E  1 60 41  4  1 7B 55 AA  0 6E  1 60 41  4  1 7A 55 AA  0 6E  1 60 41  4  1 79 55 AA  0 6E  1 60 41  4  1 78 55 AA  0 6E  1 60 41  4  1 76 55 AA  0 6E  1 60 41  4  1 75 55 AA  0 6E  1 60 41  4  1 74 55 AA  0 6E  1 60 41  4  1 73 55 AA  0 6E  1 60 41  4  1 72 55 AA  0 6E  1 60 41  4  1 71 55 AA  0 6E  1 60 41  4  1 70 55 AA  0 6E  1 60 41  4  1 6E 55 AA  0 6E  1 60 41  4  1 6D 55 AA  0 6E  1 60 41  4  1 6C 55 AA  0 6E  1 60 41  4  1 6B 55 AA  0 6E  1 60 41  4  1 6A 55 AA  0 6E  1 60 41  4  1 69 55 AA  0 6E  1 60 41  4  1 68 55 AA  0 6E  1 60 41  4  1 67 55 AA  0 6E  1 60 41  4  1 65 55 AA  0 6E  1 60 41  4  1 64 55 AA  0 6E  1 60 41  4  1 63 55 AA  0 6E  1 60 41  4  1 62 55 AA  0 6E  1 60 41  4  1 61 55 AA  0 6E  1 60 41  4  1 60 55 AA  0 6E  1 60 41  4  1 5F 55 AA  0 6E  1 60 41  4  1 5E 55 AA  0 6E  1 60 41  4  1 5C 55 AA  0 6E  1 60 41  4  1 5B 55 AA  0 6E  1 60 41  4  1 5A 55 AA  0 6E  1 60 41  4  1 59 55 AA  0 6E  1 60 41  4  1 58 55 AA  0 6E  1 60 41  4  1 57 55 AA  0 6E  1 60 41  4  1 56 55 AA  0 6E  1 60 41  4  1 54 55 AA  0 6E  1 60 41  4  1 53 55 AA  0 6E  1 60 41  4  1 52 55 AA  0 6E  1 60 41  4  1 51 55 AA  0 6E  1 60 41  4  1 50 55 AA  0 6E  1 60 41  4  1 4F 55 AA  0 6E  1 60 41  4  1 4E 55 AA  0 6E  1 60 41  4  1 4D 55 AA  0 6E  1 60 41  4  1 4B 55 AA  0 6E  1 60 41  4  1 4A 55 AA  0 6E  1 60 41  4  1 49 55 AA  0 6E  1 60 41  4  1 48 55 AA  0 6E  1 60 41  4  1 47 55 AA  0 6E  1 60 41  4  1 46 55 AA  0 6E  1 60 41  4  1 45 55 AA  0 6E  1 60 41  4  1 43 55 AA  0 6E  1 60 41  4  1 42 55 AA  0 6E  1 60 41  4  1 41 55 AA  0 6E  1 60 41  4  1 40 55 AA  0 6E  1 60 41  4  1 3F 55 AA  0 6E  1 60 41  4  1 3E 55 AA  0 6E  1 60 41  4  1 3D 55 AA  0 6E  1 60 41  4  1 3C 55 AA  0 6E  1 60 41  4  1 3A 55 AA  0 6E  1 60 41  4  1 39 55 AA  0 6E  1 60 41  4  1 38 55 AA  0 6E  1 60 41  4  1 37 55 AA  0 6E  1 60 41  4  1 36 55 AA  0 6E  1 60 41  4  1 35 55 AA  0 6E  1 60 41  4  1 34 55 AA  0 6E  1 60 41  4  1 33 55 AA  0 6E  1 60 41  4  1 31 55 AA  0 6E  1 60 41  4  1 30 55 AA  0 6E  1 60 41  4  1 2F 55 AA  0 6E  1 60 41  4  1 2E 55 AA  0 6E  1 60 41  4  1 2D 55 AA  0 6E  1 60 41  4  1 2C 55 AA  0 6E  1 60 41  4  1 2B 55 AA  0 6E  1 60 41  4  1 29 55 AA  0 6E  1 60 41  4  1 28 55 AA  0 6E  1 60 41  4  1 27 55 AA  0 6E  1 60 41  4  1 26 55 AA  0 6E  1 60 41  4  1 25 55 AA  0 6E  1 60 41  4  1 24 55 AA  0 6E  1 60 41  4  1 23 55 AA  0 6E  1 60 41  4  1 21 55 AA  0 6E  1 60 41  4  1 20 55 AA  0 6E  1 60 41  4  1 1F 55 AA  0 6E  1 60 41  4  1 1E 55 AA  0 6E  1 60 41  4  1 1D 55 AA  0 6E  1 60 41  4  1 1C 55 AA  0 6E  1 60 41  4  1 1A 55 AA  0 6E  1 60 41  4  1 19 55 AA  0 6E  1 60 41  4  1 18 55 AA  0 6E  1 60 41  4  1 17 55 AA  0 6E  1 60 41  4  1 16 55 AA  0 6E  1 60 41  4  1 15 55 AA  0 6E  1 60 41  4  1 14 55 AA  0 6E  1 60 41  4  1 12 55 AA  0 6E  1 60 41  4  1 11 55 AA  0 6E  1 60 41  4  1 10 55 AA  0 6E  1 60 41  4  1  F 55 AA  0 6E  1 60 41  4  1  E 55 AA  0 6E  1 60 41  4  1  D 55 AA  0 6E  1 60 41  4  1  C 55 AA  0 6E  1 60 41  4  1  B 55 AA  0 6E  1 60 41  4  1  9 55 AA  0 6E  1 60 41  4  1  8 55 AA  0 6E  1 60 41  4  1  7 55 AA  0 6E  1 60 41  4  1  6 55 AA  0 6E  1 60 41  4  1  5 55 AA  0 6E  1 60 41  4  1  4 55 AA  0 6E  1 60 41  4  1  3 55 AA  0 6E  1 60 41  4  1  2 55 AA  0 6E  1 60 41  4  1  0
190309T12:18:42.347078mb ####  
190309T12:18:42.347078mb #### midi keys: C8 soft..loud 
190309T12:18:42.347078mb >> 55 AA  0 6E  1 60 41  5  2 6C  1
190309T12:18:42.827502mb >> 55 AA  0 6E  1 60 41  6  2 6C 62
190309T12:18:43.611734mb >> 55 AA  0 6E  1 60 41  5  2 6C  5
190309T12:18:44.252006mb >> 55 AA  0 6E  1 60 41  6  2 6C  E
190309T12:18:44.732131mb >> 55 AA  0 6E  1 60 41  5  2 6C 1A
190309T12:18:45.324462mb >> 55 AA  0 6E  1 60 41  6  2 6C 54
190309T12:18:45.788658mb >> 55 AA  0 6E  1 60 41  5  2 6C 53
190309T12:18:46.396806mb >> 55 AA  0 6E  1 60 41  6  2 6C 3F
190309T12:18:46.829146mb >> 55 AA  0 6E  1 60 41  5  2 6C 74
190309T12:18:47.373507mb >> 55 AA  0 6E  1 60 41  6  2 6C 49
190309T12:18:49.470232mb >> 55 AA  0 6E  1 60 41  5  2 6C 7F
190309T12:18:49.662254mb >> 55 AA  0 6E  1 60 41  6  2 6C  1
190309T12:19:34.417835mb ####  
190309T12:19:34.417835mb #### midi keys: white key glissando 
190309T12:19:34.417835mb >> 55 AA  0 6E  1 60 41  5  2 15 55 55 AA  0 6E  1 60 41  5  2 17 51
190309T12:19:34.609826mb >> 55 AA  0 6E  1 60 41  6  2 15 3C 55 AA  0 6E  1 60 41  5  2 18 36 55 AA  0 6E  1 60 41  6  2 17 7F 55 AA  0 6E  1 60 41  5  2 1A 54 55 AA  0 6E  1 60 41  5  2 1C 5C 55 AA  0 6E  1 60 41  6  2 18 49 55 AA  0 6E  1 60 41  5  2 1D 66 55 AA  0 6E  1 60 41  6  2 1A 55 55 AA  0 6E  1 60 41  5  2 1F 65 55 AA  0 6E  1 60 41  6  2 1C 69 55 AA  0 6E  1 60 41  5  2 21 60 55 AA  0 6E  1 60 41  6  2 1D 6D 55 AA  0 6E  1 60 41  5  2 23 64 55 AA  0 6E  1 60 41  6  2 1F 73 55 AA  0 6E  1 60 41  5  2 24 68 55 AA  0 6E  1 60 41  6  2 21 54 55 AA  0 6E  1 60 41  5  2 26 6A 55 AA  0 6E  1 60 41  6  2 23 52 55 AA  0 6E  1 60 41  5  2 28 65 55 AA  0 6E  1 60 41  6  2 24 61 55 AA  0 6E  1 60 41  5  2 29 6E 55 AA  0 6E  1 60 41  6  2 26 5C 55 AA  0 6E  1 60 41  5  2 2B 69 55 AA  0 6E  1 60 41  6  2 28 79 55 AA  0 6E  1 60 41  5  2 2D 71 55 AA  0 6E  1 60 41  6  2 29 64 55 AA  0 6E  1 60 41  5  2 2F 69 55 AA  0 6E  1 60 41  5  2 30 6B 55 AA  0 6E  1 60 41  6  2 2B 26 55 AA  0 6E  1 60 41  5  2 32 6A 55 AA  0 6E  1 60 41  6  2 2D 7E 55 AA  0 6E  1 60 41  5  2 34 6B 55 AA  0 6E  1 60 41  6  2 2F 76 55 AA  0 6E  1 60 41  5  2 35 6B 55 AA  0 6E  1 60 41  6  2 30 77 55 AA  0 6E  1 60 41  5  2 37 6A 55 AA  0 6E  1 60 41  6  2 32 73 55 AA  0 6E  1 60 41  5  2 39 6A 55 AA  0 6E  1 60 41  6  2 34 65 55 AA  0 6E  1 60 41  5  2 3B 6C 55 AA  0 6E  1 60 41  6  2 35 69 55 AA  0 6E  1 60 41  5  2 3C 71 55 AA  0 6E  1 60 41  6  2 37 40 55 AA  0 6E  1 60 41  5  2 3E 72 55 AA  0 6E  1 60 41  6  2 39 52 55 AA  0 6E  1 60 41  5  2 40 6E 55 AA  0 6E  1 60 41  6  2 3B 65 55 AA  0 6E  1 60 41  5  2 41 74 55 AA  0 6E  1 60 41  6  2 3C 6B 55 AA  0 6E  1 60 41  5  2 43 6C 55 AA  0 6E  1 60 41  6  2 3E 60 55 AA  0 6E  1 60 41  5  2 45 6C 55 AA  0 6E  1 60 41  6  2 40 65 55 AA  0 6E  1 60 41  5  2 47 71 55 AA  0 6E  1 60 41  6  2 41 4E 55 AA  0 6E  1 60 41  5  2 48 72 55 AA  0 6E  1 60 41  6  2 43 56 55 AA  0 6E  1 60 41  5  2 4A 72 55 AA  0 6E  1 60 41  6  2 45 52 55 AA  0 6E  1 60 41  5  2 4C 72 55 AA  0 6E  1 60 41  6  2 47 57 55 AA  0 6E  1 60 41  5  2 4D 71 55 AA  0 6E  1 60 41  6  2 48 4E 55 AA  0 6E  1 60 41  6  2 4A 4E 55 AA  0 6E  1 60 41  5  2 4F 73 55 AA  0 6E  1 60 41  6  2 4C 72 55 AA  0 6E  1 60 41  5  2 51 73 55 AA  0 6E  1 60 41  6  2 4D 68 55 AA  0 6E  1 60 41  5  2 53 71 55 AA  0 6E  1 60 41  6  2 4F 7C 55 AA  0 6E  1 60 41  5  2 54 72 55 AA  0 6E  1 60 41  6  2 51 60 55 AA  0 6E  1 60 41  5  2 56 71 55 AA  0 6E  1 60 41  6  2 53 63 55 AA  0 6E  1 60 41  5  2 58 71 55 AA  0 6E  1 60 41  5  2 59 75 55 AA  0 6E  1 60 41  6  2 54 68 55 AA  0 6E  1 60 41  5  2 5B 6D 55 AA  0 6E  1 60 41  6  2 56 52 55 AA  0 6E  1 60 41  6  2 58 6A 55 AA  0 6E  1 60 41  5  2 5D 75 55 AA  0 6E  1 60 41  5  2 5F 73 55 AA  0 6E  1 60 41  6  2 59 57 55 AA  0 6E  1 60 41  6  2 5B 7F 55 AA  0 6E  1 60 41  5  2 60 73 55 AA  0 6E  1 60 41  5  2 62 72 55 AA  0 6E  1 60 41  6  2 5D 47 55 AA  0 6E  1 60 41  5  2 64 6E 55 AA  0 6E  1 60 41  6  2 5F 3B 55 AA  0 6E  1 60 41  5  2 65 6F 55 AA  0 6E  1 60 41  6  2 60 3C 55 AA  0 6E  1 60 41  6  2 62 5B 55 AA  0 6E  1 60 41  5  2 67 6B 55 AA  0 6E  1 60 41  5  2 69 68 55 AA  0 6E  1 60 41  6  2 64 79 55 AA  0 6E  1 60 41  5  2 6B 68 55 AA  0 6E  1 60 41  6  2 65 4C 55 AA  0 6E  1 60 41  6  2 67 7F 55 AA  0 6E  1 60 41  5  2 6C 65 55 AA  0 6E  1 60 41  6  2 69 53 55 AA  0 6E  1 60 41  6  2 6B 67
190309T12:19:36.418648mb >> 55 AA  0 6E  1 60 41  6  2 6C 6A
190309T12:21:52.318538mb ####  
190309T12:21:52.318538mb #### mode 2 
190309T12:21:52.318538mb ####  
190309T12:21:52.318538mb #### effects 
190309T12:21:52.318538mb ####  
190309T12:21:52.318538mb #### reverb 
190309T12:21:52.318538mb ####  (now mode 3) 
190309T12:21:52.318538mb #### start 
190309T12:21:52.318538mb >> 55 AA  0 6E  1 60 43  1  1  0
190309T12:22:02.883210mb >> 55 AA  0 6E  1 60 43  1  1  1
190309T12:28:48.406520mb ####  
190309T12:28:48.406520mb #### stop 
190309T12:28:48.406520mb ####  
190309T12:28:48.406520mb #### mode 4 
190309T12:28:48.406520mb ####  
190309T12:28:48.406520mb #### L 
190309T12:28:48.406520mb ####  
190309T12:28:48.406520mb #### L again 
190309T12:28:48.406520mb ####  
190309T12:28:48.406520mb #### R 
190309T12:28:48.406520mb ####  
190309T12:28:48.406520mb #### R again 
190309T12:28:48.406520mb ####  
190309T12:28:48.406520mb #### L 
190309T12:28:48.406520mb ####  
190309T12:28:48.406520mb #### R 
190309T12:28:48.406520mb ####  
190309T12:28:48.406520mb #### L 
190309T12:28:48.406520mb ####  
190309T12:28:48.406520mb #### L again 
190309T12:28:48.406520mb ####  
190309T12:28:48.406520mb #### mode 5 
190309T12:28:48.406520mb ####  
190309T12:28:48.406520mb #### 1 
190309T12:28:48.406520mb ####  
190309T12:28:48.406520mb #### 1 
190309T12:28:48.406520mb #### again 
190309T12:28:48.406520mb ####  
190309T12:28:48.406520mb #### 2 
190309T12:28:48.406520mb ####  
190309T12:28:48.406520mb #### 3 
190309T12:28:48.406520mb ####  
190309T12:28:48.406520mb #### 4 
190309T12:28:48.406520mb ####  
190309T12:28:48.406520mb #### 4 again 
190309T12:28:48.406520mb ####  
190309T12:28:48.406520mb #### speaker eq 
190309T12:28:48.406520mb ####  
190309T12:28:48.406520mb #### speaker eq again 
190309T12:28:48.406520mb ####  
190309T12:28:48.406520mb #### plau 
190309T12:28:48.406520mb ####  
190309T12:28:48.406520mb #### play again 
190309T12:28:48.406520mb ####  
190309T12:28:48.406520mb #### mute 
190309T12:28:48.406520mb ####  
190309T12:28:48.406520mb #### play 
190309T12:28:48.406520mb ####  
190309T12:28:48.406520mb #### mute 
190309T12:28:48.406520mb ####  
190309T12:28:48.406520mb #### mode 6 
190309T12:28:48.406520mb >> 55 AA  0 6E  1 60 46  3  1  1
190309T12:29:31.273220mb ####  
190309T12:29:31.273220mb #### check usb (no usb) 
190309T12:29:31.273220mb >> 55 AA  0 6E  1 60 46  1  1  0
190309T12:30:45.065435mb ####  
190309T12:30:45.065435mb #### connect usb drive 
190309T12:30:45.065435mb ####  
190309T12:30:45.065435mb #### check usb 
190309T12:30:45.065435mb >> 55 AA  0 6E  1 60 46  1  1  1
190309T12:31:44.723213mb #### (usb memory ok) 
190309T12:31:44.723213mb #### check bluetooth 
190309T12:31:44.723213mb >> 55 AA  0 6E  1 60 46  3  1  1
190309T12:32:54.417428mb #### (bluetooth audio ok) 
190309T12:32:54.417428mb #### check bluetooth 
190309T12:32:54.417428mb >> 55 AA  0 6E  1 60 46  3  1  1
190309T12:33:30.449399mb ####  
190309T12:33:30.449399mb #### check bluetooth audio again 
190309T12:33:30.449399mb >> 55 AA  0 6E  1 60 46  3  1  1
190309T12:34:30.363455mb #### (bluetooth audio ok) 
190309T12:34:30.363455mb #### check bluetooth 
190309T12:34:30.363455mb >> 55 AA  0 6E  1 60 46  3  1  1
190309T12:35:05.819235mb #### check bluetooth 
190309T12:35:05.819235mb >> 55 AA  0 6E  1 60 46  3  1  1
190309T12:35:53.359888mb ####  
190309T12:35:53.359888mb #### check bluetooth 
190309T12:35:53.359888mb >> 55 AA  0 6E  1 60 46  3  1  1
190309T12:36:03.492322mb >> 55 AA  0 6E  1 60 46  3  1  1
190309T12:36:37.875347mb #### (twice) 
190309T12:36:37.875347mb #### set product 
190309T12:36:37.875347mb ####  
190309T12:36:37.875347mb #### set factA 
190309T12:36:37.875347mb >> 55 AA  0 6E  1 60 46  3  1  2
190309T12:36:54.714885mb ####  
190309T12:36:54.714885mb #### set factB 
190309T12:36:54.714885mb >> 55 AA  0 6E  1 60 46  3  1  3
190309T12:37:18.597178mb ####  
190309T12:37:18.597178mb #### check bluetooth 
190309T12:37:18.597178mb >> 55 AA  0 6E  1 60 46  3  1  3
190309T12:41:40.295960mb ####  
190309T12:41:40.295960mb #### mode 7 
190309T12:41:40.295960mb ####  
190309T12:41:40.295960mb #### piano 
190309T12:41:40.295960mb ####  
190309T12:41:40.295960mb #### piano again 
190309T12:41:40.295960mb ####  
190309T12:41:40.295960mb #### church organ 
190309T12:41:40.295960mb ####  
190309T12:41:40.295960mb #### from sk-ex concert grand up 
190309T12:41:40.295960mb #### (ex concert grand) 
190309T12:41:40.295960mb #### sk-5 grand piano 
190309T12:41:40.295960mb #### jazz grand 
190309T12:41:40.295960mb #### (jazz grand 2) 
190309T12:41:40.295960mb #### (mellow grand) 
190309T12:41:40.295960mb ####  
190309T12:41:40.295960mb #### mode 8 
190309T12:41:40.295960mb >> 55 AA  0 6E  1 60 48  1  C 53 4B 20 43 6F 6E 63 65 72 74 47 64
190309T12:42:12.950085mb #### (sk concert grand) 
190309T12:42:12.950085mb >> 55 AA  0 6E  1 60 48  1  C 45 58 20 43 6F 6E 63 65 72 74 47 64
190309T12:42:38.385146mb #### (ex concert grand) 
190309T12:42:38.385146mb >> 55 AA  0 6E  1 60 48  1  C 53 4B 2D 35 20 47 72 61 6E 64 50 6F
190309T12:44:33.331697mb #### (sk-5 grand po) 
190309T12:44:33.331697mb #### mode 9 
190309T12:44:33.331697mb ####  
190309T12:44:33.331697mb #### pedal 3 
190309T12:44:33.331697mb >> 55 AA  0 6E  1 60 49  3  1 77
190309T12:44:33.491637mb >> 55 AA  0 6E  1 60 49  3  1 76 55 AA  0 6E  1 60 49  3  1 75 55 AA  0 6E  1 60 49  3  1 74 55 AA  0 6E  1 60 49  3  1 73 55 AA  0 6E  1 60 49  3  1 72 55 AA  0 6E  1 60 49  3  1 71 55 AA  0 6E  1 60 49  3  1 70 55 AA  0 6E  1 60 49  3  1 6E 55 AA  0 6E  1 60 49  3  1 6D 55 AA  0 6E  1 60 49  3  1 6C 55 AA  0 6E  1 60 49  3  1 6B 55 AA  0 6E  1 60 49  3  1 6A 55 AA  0 6E  1 60 49  3  1 69 55 AA  0 6E  1 60 49  3  1 68 55 AA  0 6E  1 60 49  3  1 67 55 AA  0 6E  1 60 49  3  1 65 55 AA  0 6E  1 60 49  3  1 64 55 AA  0 6E  1 60 49  3  1 63 55 AA  0 6E  1 60 49  3  1 62 55 AA  0 6E  1 60 49  3  1 61 55 AA  0 6E  1 60 49  3  1 60 55 AA  0 6E  1 60 49  3  1 5F 55 AA  0 6E  1 60 49  3  1 5E 55 AA  0 6E  1 60 49  3  1 5C 55 AA  0 6E  1 60 49  3  1 5B 55 AA  0 6E  1 60 49  3  1 5A 55 AA  0 6E  1 60 49  3  1 59 55 AA  0 6E  1 60 49  3  1 58 55 AA  0 6E  1 60 49  3  1 57 55 AA  0 6E  1 60 49  3  1 56 55 AA  0 6E  1 60 49  3  1 55 55 AA  0 6E  1 60 49  3  1 53 55 AA  0 6E  1 60 49  3  1 52 55 AA  0 6E  1 60 49  3  1 51 55 AA  0 6E  1 60 49  3  1 50 55 AA  0 6E  1 60 49  3  1 4F 55 AA  0 6E  1 60 49  3  1 4E 55 AA  0 6E  1 60 49  3  1 4D 55 AA  0 6E  1 60 49  3  1 4C 55 AA  0 6E  1 60 49  3  1 4A 55 AA  0 6E  1 60 49  3  1 49 55 AA  0 6E  1 60 49  3  1 48 55 AA  0 6E  1 60 49  3  1 47 55 AA  0 6E  1 60 49  3  1 46 55 AA  0 6E  1 60 49  3  1 45 55 AA  0 6E  1 60 49  3  1 44 55 AA  0 6E  1 60 49  3  1 43 55 AA  0 6E  1 60 49  3  1 41 55 AA  0 6E  1 60 49  3  1 40 55 AA  0 6E  1 60 49  3  1 3F 55 AA  0 6E  1 60 49  3  1 3E 55 AA  0 6E  1 60 49  3  1 3D 55 AA  0 6E  1 60 49  3  1 3C 55 AA  0 6E  1 60 49  3  1 3B 55 AA  0 6E  1 60 49  3  1 3A 55 AA  0 6E  1 60 49  3  1 38 55 AA  0 6E  1 60 49  3  1 37 55 AA  0 6E  1 60 49  3  1 36 55 AA  0 6E  1 60 49  3  1 35 55 AA  0 6E  1 60 49  3  1 34 55 AA  0 6E  1 60 49  3  1 33 55 AA  0 6E  1 60 49  3  1 32 55 AA  0 6E  1 60 49  3  1 31 55 AA  0 6E  1 60 49  3  1 2F 55 AA  0 6E  1 60 49  3  1 2E 55 AA  0 6E  1 60 49  3  1 2D 55 AA  0 6E  1 60 49  3  1 2C 55 AA  0 6E  1 60 49  3  1 2B 55 AA  0 6E  1 60 49  3  1 2A 55 AA  0 6E  1 60 49  3  1 29 55 AA  0 6E  1 60 49  3  1 28 55 AA  0 6E  1 60 49  3  1 26 55 AA  0 6E  1 60 49  3  1 25 55 AA  0 6E  1 60 49  3  1 24 55 AA  0 6E  1 60 49  3  1 23 55 AA  0 6E  1 60 49  3  1 22 55 AA  0 6E  1 60 49  3  1 21 55 AA  0 6E  1 60 49  3  1 20 55 AA  0 6E  1 60 49  3  1 1F 55 AA  0 6E  1 60 49  3  1 1D 55 AA  0 6E  1 60 49  3  1 1C 55 AA  0 6E  1 60 49  3  1 1B 55 AA  0 6E  1 60 49  3  1 1A 55 AA  0 6E  1 60 49  3  1 19 55 AA  0 6E  1 60 49  3  1 18 55 AA  0 6E  1 60 49  3  1 17 55 AA  0 6E  1 60 49  3  1 16 55 AA  0 6E  1 60 49  3  1 14 55 AA  0 6E  1 60 49  3  1 13 55 AA  0 6E  1 60 49  3  1 12 55 AA  0 6E  1 60 49  3  1 11 55 AA  0 6E  1 60 49  3  1 10 55 AA  0 6E  1 60 49  3  1  F 55 AA  0 6E  1 60 49  3  1  E 55 AA  0 6E  1 60 49  3  1  D 55 AA  0 6E  1 60 49  3  1  B 55 AA  0 6E  1 60 49  3  1  A
190309T12:44:34.451944mb >> 55 AA  0 6E  1 60 49  3  1  9
190309T12:44:36.420995mb >> 55 AA  0 6E  1 60 49  3  1  A 55 AA  0 6E  1 60 49  3  1  B 55 AA  0 6E  1 60 49  3  1  D 55 AA  0 6E  1 60 49  3  1  E 55 AA  0 6E  1 60 49  3  1  F 55 AA  0 6E  1 60 49  3  1 10 55 AA  0 6E  1 60 49  3  1 11 55 AA  0 6E  1 60 49  3  1 12 55 AA  0 6E  1 60 49  3  1 13 55 AA  0 6E  1 60 49  3  1 14 55 AA  0 6E  1 60 49  3  1 16 55 AA  0 6E  1 60 49  3  1 17 55 AA  0 6E  1 60 49  3  1 18 55 AA  0 6E  1 60 49  3  1 19 55 AA  0 6E  1 60 49  3  1 1A 55 AA  0 6E  1 60 49  3  1 1B 55 AA  0 6E  1 60 49  3  1 1C 55 AA  0 6E  1 60 49  3  1 1D 55 AA  0 6E  1 60 49  3  1 1F 55 AA  0 6E  1 60 49  3  1 20 55 AA  0 6E  1 60 49  3  1 21 55 AA  0 6E  1 60 49  3  1 22 55 AA  0 6E  1 60 49  3  1 23 55 AA  0 6E  1 60 49  3  1 24 55 AA  0 6E  1 60 49  3  1 25 55 AA  0 6E  1 60 49  3  1 26 55 AA  0 6E  1 60 49  3  1 28 55 AA  0 6E  1 60 49  3  1 29 55 AA  0 6E  1 60 49  3  1 2A 55 AA  0 6E  1 60 49  3  1 2B 55 AA  0 6E  1 60 49  3  1 2C 55 AA  0 6E  1 60 49  3  1 2D 55 AA  0 6E  1 60 49  3  1 2E 55 AA  0 6E  1 60 49  3  1 2F 55 AA  0 6E  1 60 49  3  1 31 55 AA  0 6E  1 60 49  3  1 32 55 AA  0 6E  1 60 49  3  1 33 55 AA  0 6E  1 60 49  3  1 34 55 AA  0 6E  1 60 49  3  1 35 55 AA  0 6E  1 60 49  3  1 36 55 AA  0 6E  1 60 49  3  1 37 55 AA  0 6E  1 60 49  3  1 38 55 AA  0 6E  1 60 49  3  1 3A 55 AA  0 6E  1 60 49  3  1 3B 55 AA  0 6E  1 60 49  3  1 3C 55 AA  0 6E  1 60 49  3  1 3D 55 AA  0 6E  1 60 49  3  1 3E 55 AA  0 6E  1 60 49  3  1 3F 55 AA  0 6E  1 60 49  3  1 40 55 AA  0 6E  1 60 49  3  1 41 55 AA  0 6E  1 60 49  3  1 43 55 AA  0 6E  1 60 49  3  1 44 55 AA  0 6E  1 60 49  3  1 45 55 AA  0 6E  1 60 49  3  1 46 55 AA  0 6E  1 60 49  3  1 47 55 AA  0 6E  1 60 49  3  1 48 55 AA  0 6E  1 60 49  3  1 4A 55 AA  0 6E  1 60 49  3  1 4B 55 AA  0 6E  1 60 49  3  1 4C 55 AA  0 6E  1 60 49  3  1 4D 55 AA  0 6E  1 60 49  3  1 4E 55 AA  0 6E  1 60 49  3  1 4F 55 AA  0 6E  1 60 49  3  1 50 55 AA  0 6E  1 60 49  3  1 52 55 AA  0 6E  1 60 49  3  1 53 55 AA  0 6E  1 60 49  3  1 54 55 AA  0 6E  1 60 49  3  1 55 55 AA  0 6E  1 60 49  3  1 56 55 AA  0 6E  1 60 49  3  1 57 55 AA  0 6E  1 60 49  3  1 58 55 AA  0 6E  1 60 49  3  1 5A 55 AA  0 6E  1 60 49  3  1 5C 55 AA  0 6E  1 60 49  3  1 5D 55 AA  0 6E  1 60 49  3  1 5E 55 AA  0 6E  1 60 49  3  1 5F 55 AA  0 6E  1 60 49  3  1 60 55 AA  0 6E  1 60 49  3  1 61 55 AA  0 6E  1 60 49  3  1 63 55 AA  0 6E  1 60 49  3  1 64 55 AA  0 6E  1 60 49  3  1 65 55 AA  0 6E  1 60 49  3  1 66 55 AA  0 6E  1 60 49  3  1 67 55 AA  0 6E  1 60 49  3  1 68 55 AA  0 6E  1 60 49  3  1 69 55 AA  0 6E  1 60 49  3  1 6B 55 AA  0 6E  1 60 49  3  1 6C 55 AA  0 6E  1 60 49  3  1 6E 55 AA  0 6E  1 60 49  3  1 6F 55 AA  0 6E  1 60 49  3  1 70 55 AA  0 6E  1 60 49  3  1 71 55 AA  0 6E  1 60 49  3  1 72 55 AA  0 6E  1 60 49  3  1 73 55 AA  0 6E  1 60 49  3  1 74 55 AA  0 6E  1 60 49  3  1 75 55 AA  0 6E  1 60 49  3  1 77 55 AA  0 6E  1 60 49  3  1 78 55 AA  0 6E  1 60 49  3  1 79
190309T12:44:49.509595mb ####  
190309T12:44:49.509595mb #### pedal 2 
190309T12:44:49.509595mb >> 55 AA  0 6E  1 60 49  4  1 78 55 AA  0 6E  1 60 49  4  1 77 55 AA  0 6E  1 60 49  4  1 76 55 AA  0 6E  1 60 49  4  1 74 55 AA  0 6E  1 60 49  4  1 73 55 AA  0 6E  1 60 49  4  1 72 55 AA  0 6E  1 60 49  4  1 71 55 AA  0 6E  1 60 49  4  1 70 55 AA  0 6E  1 60 49  4  1 6F 55 AA  0 6E  1 60 49  4  1 6E 55 AA  0 6E  1 60 49  4  1 6D 55 AA  0 6E  1 60 49  4  1 6B 55 AA  0 6E  1 60 49  4  1 6A 55 AA  0 6E  1 60 49  4  1 69 55 AA  0 6E  1 60 49  4  1 68 55 AA  0 6E  1 60 49  4  1 67 55 AA  0 6E  1 60 49  4  1 66 55 AA  0 6E  1 60 49  4  1 65 55 AA  0 6E  1 60 49  4  1 64 55 AA  0 6E  1 60 49  4  1 62 55 AA  0 6E  1 60 49  4  1 61 55 AA  0 6E  1 60 49  4  1 60 55 AA  0 6E  1 60 49  4  1 5F 55 AA  0 6E  1 60 49  4  1 5E 55 AA  0 6E  1 60 49  4  1 5D 55 AA  0 6E  1 60 49  4  1 5C 55 AA  0 6E  1 60 49  4  1 5B 55 AA  0 6E  1 60 49  4  1 59 55 AA  0 6E  1 60 49  4  1 58 55 AA  0 6E  1 60 49  4  1 57 55 AA  0 6E  1 60 49  4  1 56 55 AA  0 6E  1 60 49  4  1 55 55 AA  0 6E  1 60 49  4  1 54 55 AA  0 6E  1 60 49  4  1 53 55 AA  0 6E  1 60 49  4  1 52 55 AA  0 6E  1 60 49  4  1 50 55 AA  0 6E  1 60 49  4  1 4F 55 AA  0 6E  1 60 49  4  1 4E 55 AA  0 6E  1 60 49  4  1 4D 55 AA  0 6E  1 60 49  4  1 4C 55 AA  0 6E  1 60 49  4  1 4B 55 AA  0 6E  1 60 49  4  1 4A 55 AA  0 6E  1 60 49  4  1 49 55 AA  0 6E  1 60 49  4  1 47 55 AA  0 6E  1 60 49  4  1 46 55 AA  0 6E  1 60 49  4  1 45 55 AA  0 6E  1 60 49  4  1 44 55 AA  0 6E  1 60 49  4  1 43 55 AA  0 6E  1 60 49  4  1 42 55 AA  0 6E  1 60 49  4  1 41 55 AA  0 6E  1 60 49  4  1 40 55 AA  0 6E  1 60 49  4  1 3E 55 AA  0 6E  1 60 49  4  1 3D 55 AA  0 6E  1 60 49  4  1 3C 55 AA  0 6E  1 60 49  4  1 3B 55 AA  0 6E  1 60 49  4  1 3A 55 AA  0 6E  1 60 49  4  1 39 55 AA  0 6E  1 60 49  4  1 38 55 AA  0 6E  1 60 49  4  1 37 55 AA  0 6E  1 60 49  4  1 35 55 AA  0 6E  1 60 49  4  1 34 55 AA  0 6E  1 60 49  4  1 33 55 AA  0 6E  1 60 49  4  1 32 55 AA  0 6E  1 60 49  4  1 31 55 AA  0 6E  1 60 49  4  1 30 55 AA  0 6E  1 60 49  4  1 2E 55 AA  0 6E  1 60 49  4  1 2D 55 AA  0 6E  1 60 49  4  1 2C 55 AA  0 6E  1 60 49  4  1 2B 55 AA  0 6E  1 60 49  4  1 2A 55 AA  0 6E  1 60 49  4  1 29 55 AA  0 6E  1 60 49  4  1 27 55 AA  0 6E  1 60 49  4  1 26 55 AA  0 6E  1 60 49  4  1 25 55 AA  0 6E  1 60 49  4  1 24 55 AA  0 6E  1 60 49  4  1 23 55 AA  0 6E  1 60 49  4  1 22 55 AA  0 6E  1 60 49  4  1 20 55 AA  0 6E  1 60 49  4  1 1F 55 AA  0 6E  1 60 49  4  1 1E 55 AA  0 6E  1 60 49  4  1 1D 55 AA  0 6E  1 60 49  4  1 1C 55 AA  0 6E  1 60 49  4  1 1B 55 AA  0 6E  1 60 49  4  1 1A 55 AA  0 6E  1 60 49  4  1 18 55 AA  0 6E  1 60 49  4  1 17 55 AA  0 6E  1 60 49  4  1 16 55 AA  0 6E  1 60 49  4  1 15 55 AA  0 6E  1 60 49  4  1 14 55 AA  0 6E  1 60 49  4  1 13 55 AA  0 6E  1 60 49  4  1 12 55 AA  0 6E  1 60 49  4  1 10 55 AA  0 6E  1 60 49  4  1  F 55 AA  0 6E  1 60 49  4  1  E 55 AA  0 6E  1 60 49  4  1  D 55 AA  0 6E  1 60 49  4  1  C 55 AA  0 6E  1 60 49  4  1  B 55 AA  0 6E  1 60 49  4  1  A 55 AA  0 6E  1 60 49  4  1  9 55 AA  0 6E  1 60 49  4  1  7
190309T12:44:53.879459mb >> 55 AA  0 6E  1 60 49  4  1  9 55 AA  0 6E  1 60 49  4  1  A 55 AA  0 6E  1 60 49  4  1  B 55 AA  0 6E  1 60 49  4  1  C 55 AA  0 6E  1 60 49  4  1  D 55 AA  0 6E  1 60 49  4  1  E 55 AA  0 6E  1 60 49  4  1  F 55 AA  0 6E  1 60 49  4  1 10 55 AA  0 6E  1 60 49  4  1 12 55 AA  0 6E  1 60 49  4  1 13 55 AA  0 6E  1 60 49  4  1 14 55 AA  0 6E  1 60 49  4  1 15 55 AA  0 6E  1 60 49  4  1 16 55 AA  0 6E  1 60 49  4  1 17 55 AA  0 6E  1 60 49  4  1 18 55 AA  0 6E  1 60 49  4  1 19 55 AA  0 6E  1 60 49  4  1 1B 55 AA  0 6E  1 60 49  4  1 1C 55 AA  0 6E  1 60 49  4  1 1D 55 AA  0 6E  1 60 49  4  1 1E 55 AA  0 6E  1 60 49  4  1 1F 55 AA  0 6E  1 60 49  4  1 20 55 AA  0 6E  1 60 49  4  1 21 55 AA  0 6E  1 60 49  4  1 22 55 AA  0 6E  1 60 49  4  1 24 55 AA  0 6E  1 60 49  4  1 25 55 AA  0 6E  1 60 49  4  1 26 55 AA  0 6E  1 60 49  4  1 27 55 AA  0 6E  1 60 49  4  1 28 55 AA  0 6E  1 60 49  4  1 29 55 AA  0 6E  1 60 49  4  1 2A 55 AA  0 6E  1 60 49  4  1 2B 55 AA  0 6E  1 60 49  4  1 2D 55 AA  0 6E  1 60 49  4  1 2E 55 AA  0 6E  1 60 49  4  1 2F 55 AA  0 6E  1 60 49  4  1 30 55 AA  0 6E  1 60 49  4  1 31 55 AA  0 6E  1 60 49  4  1 32 55 AA  0 6E  1 60 49  4  1 33 55 AA  0 6E  1 60 49  4  1 34 55 AA  0 6E  1 60 49  4  1 36 55 AA  0 6E  1 60 49  4  1 37 55 AA  0 6E  1 60 49  4  1 38 55 AA  0 6E  1 60 49  4  1 39 55 AA  0 6E  1 60 49  4  1 3A 55 AA  0 6E  1 60 49  4  1 3B 55 AA  0 6E  1 60 49  4  1 3C 55 AA  0 6E  1 60 49  4  1 3D 55 AA  0 6E  1 60 49  4  1 3F 55 AA  0 6E  1 60 49  4  1 40 55 AA  0 6E  1 60 49  4  1 41 55 AA  0 6E  1 60 49  4  1 42 55 AA  0 6E  1 60 49  4  1 43 55 AA  0 6E  1 60 49  4  1 44 55 AA  0 6E  1 60 49  4  1 45 55 AA  0 6E  1 60 49  4  1 46 55 AA  0 6E  1 60 49  4  1 48 55 AA  0 6E  1 60 49  4  1 49 55 AA  0 6E  1 60 49  4  1 4A 55 AA  0 6E  1 60 49  4  1 4B 55 AA  0 6E  1 60 49  4  1 4C 55 AA  0 6E  1 60 49  4  1 4D 55 AA  0 6E  1 60 49  4  1 4E 55 AA  0 6E  1 60 49  4  1 4F 55 AA  0 6E  1 60 49  4  1 51 55 AA  0 6E  1 60 49  4  1 52 55 AA  0 6E  1 60 49  4  1 53 55 AA  0 6E  1 60 49  4  1 54 55 AA  0 6E  1 60 49  4  1 55 55 AA  0 6E  1 60 49  4  1 56 55 AA  0 6E  1 60 49  4  1 57 55 AA  0 6E  1 60 49  4  1 58 55 AA  0 6E  1 60 49  4  1 5A 55 AA  0 6E  1 60 49  4  1 5B 55 AA  0 6E  1 60 49  4  1 5C 55 AA  0 6E  1 60 49  4  1 5D 55 AA  0 6E  1 60 49  4  1 5E 55 AA  0 6E  1 60 49  4  1 5F 55 AA  0 6E  1 60 49  4  1 60 55 AA  0 6E  1 60 49  4  1 61 55 AA  0 6E  1 60 49  4  1 63 55 AA  0 6E  1 60 49  4  1 64 55 AA  0 6E  1 60 49  4  1 65 55 AA  0 6E  1 60 49  4  1 66 55 AA  0 6E  1 60 49  4  1 67 55 AA  0 6E  1 60 49  4  1 68 55 AA  0 6E  1 60 49  4  1 69 55 AA  0 6E  1 60 49  4  1 6A 55 AA  0 6E  1 60 49  4  1 6C 55 AA  0 6E  1 60 49  4  1 6D 55 AA  0 6E  1 60 49  4  1 6E 55 AA  0 6E  1 60 49  4  1 6F 55 AA  0 6E  1 60 49  4  1 70 55 AA  0 6E  1 60 49  4  1 71 55 AA  0 6E  1 60 49  4  1 72 55 AA  0 6E  1 60 49  4  1 73 55 AA  0 6E  1 60 49  4  1 75 55 AA  0 6E  1 60 49  4  1 76
190309T12:44:55.016050mb >> 55 AA  0 6E  1 60 49  4  1 77
190309T12:44:55.367990mb >> 55 AA  0 6E  1 60 49  4  1 78
190309T12:44:55.640309mb >> 55 AA  0 6E  1 60 49  4  1 79
190309T12:45:14.432383mb ####  
190309T12:45:14.432383mb #### pedal 1 
190309T12:45:14.432383mb >> 55 AA  0 6E  1 60 49  5  1 77 55 AA  0 6E  1 60 49  5  1 76 55 AA  0 6E  1 60 49  5  1 75 55 AA  0 6E  1 60 49  5  1 74 55 AA  0 6E  1 60 49  5  1 72 55 AA  0 6E  1 60 49  5  1 71 55 AA  0 6E  1 60 49  5  1 70 55 AA  0 6E  1 60 49  5  1 6F 55 AA  0 6E  1 60 49  5  1 6E 55 AA  0 6E  1 60 49  5  1 6C 55 AA  0 6E  1 60 49  5  1 6B 55 AA  0 6E  1 60 49  5  1 6A 55 AA  0 6E  1 60 49  5  1 69 55 AA  0 6E  1 60 49  5  1 68 55 AA  0 6E  1 60 49  5  1 67 55 AA  0 6E  1 60 49  5  1 66 55 AA  0 6E  1 60 49  5  1 65 55 AA  0 6E  1 60 49  5  1 63 55 AA  0 6E  1 60 49  5  1 62 55 AA  0 6E  1 60 49  5  1 61 55 AA  0 6E  1 60 49  5  1 60 55 AA  0 6E  1 60 49  5  1 5F 55 AA  0 6E  1 60 49  5  1 5E 55 AA  0 6E  1 60 49  5  1 5D 55 AA  0 6E  1 60 49  5  1 5C 55 AA  0 6E  1 60 49  5  1 5A 55 AA  0 6E  1 60 49  5  1 59 55 AA  0 6E  1 60 49  5  1 58 55 AA  0 6E  1 60 49  5  1 57 55 AA  0 6E  1 60 49  5  1 56 55 AA  0 6E  1 60 49  5  1 55 55 AA  0 6E  1 60 49  5  1 54 55 AA  0 6E  1 60 49  5  1 53 55 AA  0 6E  1 60 49  5  1 51 55 AA  0 6E  1 60 49  5  1 50 55 AA  0 6E  1 60 49  5  1 4F 55 AA  0 6E  1 60 49  5  1 4E 55 AA  0 6E  1 60 49  5  1 4D 55 AA  0 6E  1 60 49  5  1 4B 55 AA  0 6E  1 60 49  5  1 4A 55 AA  0 6E  1 60 49  5  1 49 55 AA  0 6E  1 60 49  5  1 48 55 AA  0 6E  1 60 49  5  1 47 55 AA  0 6E  1 60 49  5  1 46 55 AA  0 6E  1 60 49  5  1 45 55 AA  0 6E  1 60 49  5  1 43 55 AA  0 6E  1 60 49  5  1 42 55 AA  0 6E  1 60 49  5  1 41 55 AA  0 6E  1 60 49  5  1 40 55 AA  0 6E  1 60 49  5  1 3F 55 AA  0 6E  1 60 49  5  1 3E 55 AA  0 6E  1 60 49  5  1 3D 55 AA  0 6E  1 60 49  5  1 3C 55 AA  0 6E  1 60 49  5  1 3A 55 AA  0 6E  1 60 49  5  1 39 55 AA  0 6E  1 60 49  5  1 38 55 AA  0 6E  1 60 49  5  1 37 55 AA  0 6E  1 60 49  5  1 36 55 AA  0 6E  1 60 49  5  1 35 55 AA  0 6E  1 60 49  5  1 34 55 AA  0 6E  1 60 49  5  1 32 55 AA  0 6E  1 60 49  5  1 31 55 AA  0 6E  1 60 49  5  1 30 55 AA  0 6E  1 60 49  5  1 2F 55 AA  0 6E  1 60 49  5  1 2E 55 AA  0 6E  1 60 49  5  1 2D 55 AA  0 6E  1 60 49  5  1 2C 55 AA  0 6E  1 60 49  5  1 2B 55 AA  0 6E  1 60 49  5  1 29 55 AA  0 6E  1 60 49  5  1 28 55 AA  0 6E  1 60 49  5  1 27 55 AA  0 6E  1 60 49  5  1 26 55 AA  0 6E  1 60 49  5  1 25 55 AA  0 6E  1 60 49  5  1 24 55 AA  0 6E  1 60 49  5  1 23 55 AA  0 6E  1 60 49  5  1 22 55 AA  0 6E  1 60 49  5  1 20 55 AA  0 6E  1 60 49  5  1 1F 55 AA  0 6E  1 60 49  5  1 1E 55 AA  0 6E  1 60 49  5  1 1D 55 AA  0 6E  1 60 49  5  1 1C 55 AA  0 6E  1 60 49  5  1 1B 55 AA  0 6E  1 60 49  5  1 1A 55 AA  0 6E  1 60 49  5  1 18 55 AA  0 6E  1 60 49  5  1 17 55 AA  0 6E  1 60 49  5  1 16 55 AA  0 6E  1 60 49  5  1 15 55 AA  0 6E  1 60 49  5  1 14 55 AA  0 6E  1 60 49  5  1 13 55 AA  0 6E  1 60 49  5  1 12 55 AA  0 6E  1 60 49  5  1 11 55 AA  0 6E  1 60 49  5  1  F 55 AA  0 6E  1 60 49  5  1  E 55 AA  0 6E  1 60 49  5  1  D 55 AA  0 6E  1 60 49  5  1  C 55 AA  0 6E  1 60 49  5  1  B 55 AA  0 6E  1 60 49  5  1  A 55 AA  0 6E  1 60 49  5  1  9 55 AA  0 6E  1 60 49  5  1  8
190309T12:45:16.842474mb >> 55 AA  0 6E  1 60 49  5  1  9 55 AA  0 6E  1 60 49  5  1  A 55 AA  0 6E  1 60 49  5  1  B 55 AA  0 6E  1 60 49  5  1  C 55 AA  0 6E  1 60 49  5  1  D 55 AA  0 6E  1 60 49  5  1  E 55 AA  0 6E  1 60 49  5  1  F 55 AA  0 6E  1 60 49  5  1 11 55 AA  0 6E  1 60 49  5  1 12 55 AA  0 6E  1 60 49  5  1 13 55 AA  0 6E  1 60 49  5  1 14 55 AA  0 6E  1 60 49  5  1 15 55 AA  0 6E  1 60 49  5  1 16 55 AA  0 6E  1 60 49  5  1 17 55 AA  0 6E  1 60 49  5  1 18 55 AA  0 6E  1 60 49  5  1 1A 55 AA  0 6E  1 60 49  5  1 1B 55 AA  0 6E  1 60 49  5  1 1C 55 AA  0 6E  1 60 49  5  1 1D 55 AA  0 6E  1 60 49  5  1 1E 55 AA  0 6E  1 60 49  5  1 1F 55 AA  0 6E  1 60 49  5  1 20 55 AA  0 6E  1 60 49  5  1 21 55 AA  0 6E  1 60 49  5  1 23 55 AA  0 6E  1 60 49  5  1 24 55 AA  0 6E  1 60 49  5  1 25 55 AA  0 6E  1 60 49  5  1 26 55 AA  0 6E  1 60 49  5  1 27 55 AA  0 6E  1 60 49  5  1 28 55 AA  0 6E  1 60 49  5  1 29 55 AA  0 6E  1 60 49  5  1 2A 55 AA  0 6E  1 60 49  5  1 2C 55 AA  0 6E  1 60 49  5  1 2D 55 AA  0 6E  1 60 49  5  1 2E 55 AA  0 6E  1 60 49  5  1 2F 55 AA  0 6E  1 60 49  5  1 30 55 AA  0 6E  1 60 49  5  1 31 55 AA  0 6E  1 60 49  5  1 32 55 AA  0 6E  1 60 49  5  1 33 55 AA  0 6E  1 60 49  5  1 35 55 AA  0 6E  1 60 49  5  1 36 55 AA  0 6E  1 60 49  5  1 37 55 AA  0 6E  1 60 49  5  1 38 55 AA  0 6E  1 60 49  5  1 39 55 AA  0 6E  1 60 49  5  1 3A 55 AA  0 6E  1 60 49  5  1 3B 55 AA  0 6E  1 60 49  5  1 3C 55 AA  0 6E  1 60 49  5  1 3E 55 AA  0 6E  1 60 49  5  1 3F 55 AA  0 6E  1 60 49  5  1 40 55 AA  0 6E  1 60 49  5  1 41 55 AA  0 6E  1 60 49  5  1 42 55 AA  0 6E  1 60 49  5  1 43 55 AA  0 6E  1 60 49  5  1 44 55 AA  0 6E  1 60 49  5  1 45 55 AA  0 6E  1 60 49  5  1 47 55 AA  0 6E  1 60 49  5  1 48 55 AA  0 6E  1 60 49  5  1 49 55 AA  0 6E  1 60 49  5  1 4A 55 AA  0 6E  1 60 49  5  1 4B 55 AA  0 6E  1 60 49  5  1 4C 55 AA  0 6E  1 60 49  5  1 4D 55 AA  0 6E  1 60 49  5  1 4E 55 AA  0 6E  1 60 49  5  1 50 55 AA  0 6E  1 60 49  5  1 51 55 AA  0 6E  1 60 49  5  1 52 55 AA  0 6E  1 60 49  5  1 53 55 AA  0 6E  1 60 49  5  1 54 55 AA  0 6E  1 60 49  5  1 55 55 AA  0 6E  1 60 49  5  1 56 55 AA  0 6E  1 60 49  5  1 57 55 AA  0 6E  1 60 49  5  1 59 55 AA  0 6E  1 60 49  5  1 5A 55 AA  0 6E  1 60 49  5  1 5B 55 AA  0 6E  1 60 49  5  1 5C 55 AA  0 6E  1 60 49  5  1 5D 55 AA  0 6E  1 60 49  5  1 5E 55 AA  0 6E  1 60 49  5  1 5F 55 AA  0 6E  1 60 49  5  1 60 55 AA  0 6E  1 60 49  5  1 62 55 AA  0 6E  1 60 49  5  1 63 55 AA  0 6E  1 60 49  5  1 64 55 AA  0 6E  1 60 49  5  1 65 55 AA  0 6E  1 60 49  5  1 66 55 AA  0 6E  1 60 49  5  1 67 55 AA  0 6E  1 60 49  5  1 68 55 AA  0 6E  1 60 49  5  1 69 55 AA  0 6E  1 60 49  5  1 6B 55 AA  0 6E  1 60 49  5  1 6C 55 AA  0 6E  1 60 49  5  1 6D 55 AA  0 6E  1 60 49  5  1 6E 55 AA  0 6E  1 60 49  5  1 6F 55 AA  0 6E  1 60 49  5  1 70 55 AA  0 6E  1 60 49  5  1 71 55 AA  0 6E  1 60 49  5  1 73 55 AA  0 6E  1 60 49  5  1 74 55 AA  0 6E  1 60 49  5  1 75 55 AA  0 6E  1 60 49  5  1 76 55 AA  0 6E  1 60 49  5  1 77 55 AA  0 6E  1 60 49  5  1 78
190309T12:45:41.269161mb ####  
190309T12:45:41.269161mb #### main volume 
190309T12:45:41.269161mb >> 55 AA  0 6E  1 60 49  6  1 17 55 AA  0 6E  1 60 49  6  1 16 55 AA  0 6E  1 60 49  6  1 15 55 AA  0 6E  1 60 49  6  1 14 55 AA  0 6E  1 60 49  6  1 13 55 AA  0 6E  1 60 49  6  1 12 55 AA  0 6E  1 60 49  6  1 10 55 AA  0 6E  1 60 49  6  1  F 55 AA  0 6E  1 60 49  6  1  E 55 AA  0 6E  1 60 49  6  1  D 55 AA  0 6E  1 60 49  6  1  C 55 AA  0 6E  1 60 49  6  1  B 55 AA  0 6E  1 60 49  6  1  A 55 AA  0 6E  1 60 49  6  1  9 55 AA  0 6E  1 60 49  6  1  7 55 AA  0 6E  1 60 49  6  1  6 55 AA  0 6E  1 60 49  6  1  5 55 AA  0 6E  1 60 49  6  1  4 55 AA  0 6E  1 60 49  6  1  3 55 AA  0 6E  1 60 49  6  1  2 55 AA  0 6E  1 60 49  6  1  1 55 AA  0 6E  1 60 49  6  1  0
190309T12:45:43.221965mb >> 55 AA  0 6E  1 60 49  6  1  1 55 AA  0 6E  1 60 49  6  1  2 55 AA  0 6E  1 60 49  6  1  3 55 AA  0 6E  1 60 49  6  1  4 55 AA  0 6E  1 60 49  6  1  5 55 AA  0 6E  1 60 49  6  1  6 55 AA  0 6E  1 60 49  6  1  7 55 AA  0 6E  1 60 49  6  1  9 55 AA  0 6E  1 60 49  6  1  A 55 AA  0 6E  1 60 49  6  1  B 55 AA  0 6E  1 60 49  6  1  C 55 AA  0 6E  1 60 49  6  1  D 55 AA  0 6E  1 60 49  6  1  E 55 AA  0 6E  1 60 49  6  1  F 55 AA  0 6E  1 60 49  6  1 10 55 AA  0 6E  1 60 49  6  1 12 55 AA  0 6E  1 60 49  6  1 13 55 AA  0 6E  1 60 49  6  1 14 55 AA  0 6E  1 60 49  6  1 15 55 AA  0 6E  1 60 49  6  1 16 55 AA  0 6E  1 60 49  6  1 17 55 AA  0 6E  1 60 49  6  1 18 55 AA  0 6E  1 60 49  6  1 19 55 AA  0 6E  1 60 49  6  1 1B 55 AA  0 6E  1 60 49  6  1 1C 55 AA  0 6E  1 60 49  6  1 1D 55 AA  0 6E  1 60 49  6  1 1E 55 AA  0 6E  1 60 49  6  1 1F 55 AA  0 6E  1 60 49  6  1 20 55 AA  0 6E  1 60 49  6  1 21 55 AA  0 6E  1 60 49  6  1 22 55 AA  0 6E  1 60 49  6  1 24 55 AA  0 6E  1 60 49  6  1 25 55 AA  0 6E  1 60 49  6  1 26 55 AA  0 6E  1 60 49  6  1 27 55 AA  0 6E  1 60 49  6  1 28 55 AA  0 6E  1 60 49  6  1 29 55 AA  0 6E  1 60 49  6  1 2A 55 AA  0 6E  1 60 49  6  1 2B 55 AA  0 6E  1 60 49  6  1 2D 55 AA  0 6E  1 60 49  6  1 2E 55 AA  0 6E  1 60 49  6  1 2F 55 AA  0 6E  1 60 49  6  1 30 55 AA  0 6E  1 60 49  6  1 31 55 AA  0 6E  1 60 49  6  1 32 55 AA  0 6E  1 60 49  6  1 33 55 AA  0 6E  1 60 49  6  1 35 55 AA  0 6E  1 60 49  6  1 36 55 AA  0 6E  1 60 49  6  1 37 55 AA  0 6E  1 60 49  6  1 38 55 AA  0 6E  1 60 49  6  1 39 55 AA  0 6E  1 60 49  6  1 3A 55 AA  0 6E  1 60 49  6  1 3B 55 AA  0 6E  1 60 49  6  1 3C 55 AA  0 6E  1 60 49  6  1 3E 55 AA  0 6E  1 60 49  6  1 3F 55 AA  0 6E  1 60 49  6  1 40 55 AA  0 6E  1 60 49  6  1 41 55 AA  0 6E  1 60 49  6  1 42 55 AA  0 6E  1 60 49  6  1 43 55 AA  0 6E  1 60 49  6  1 44 55 AA  0 6E  1 60 49  6  1 45 55 AA  0 6E  1 60 49  6  1 47 55 AA  0 6E  1 60 49  6  1 48 55 AA  0 6E  1 60 49  6  1 49 55 AA  0 6E  1 60 49  6  1 4A 55 AA  0 6E  1 60 49  6  1 4B 55 AA  0 6E  1 60 49  6  1 4C 55 AA  0 6E  1 60 49  6  1 4D 55 AA  0 6E  1 60 49  6  1 4E 55 AA  0 6E  1 60 49  6  1 50 55 AA  0 6E  1 60 49  6  1 51 55 AA  0 6E  1 60 49  6  1 52 55 AA  0 6E  1 60 49  6  1 53 55 AA  0 6E  1 60 49  6  1 54 55 AA  0 6E  1 60 49  6  1 55 55 AA  0 6E  1 60 49  6  1 56 55 AA  0 6E  1 60 49  6  1 57 55 AA  0 6E  1 60 49  6  1 59 55 AA  0 6E  1 60 49  6  1 5A 55 AA  0 6E  1 60 49  6  1 5B 55 AA  0 6E  1 60 49  6  1 5C 55 AA  0 6E  1 60 49  6  1 5D 55 AA  0 6E  1 60 49  6  1 5E 55 AA  0 6E  1 60 49  6  1 5F 55 AA  0 6E  1 60 49  6  1 60 55 AA  0 6E  1 60 49  6  1 62 55 AA  0 6E  1 60 49  6  1 63 55 AA  0 6E  1 60 49  6  1 64 55 AA  0 6E  1 60 49  6  1 65 55 AA  0 6E  1 60 49  6  1 66 55 AA  0 6E  1 60 49  6  1 67 55 AA  0 6E  1 60 49  6  1 68 55 AA  0 6E  1 60 49  6  1 6A 55 AA  0 6E  1 60 49  6  1 6B 55 AA  0 6E  1 60 49  6  1 6C 55 AA  0 6E  1 60 49  6  1 6D 55 AA  0 6E  1 60 49  6  1 6E 55 AA  0 6E  1 60 49  6  1 6F 55 AA  0 6E  1 60 49  6  1 70 55 AA  0 6E  1 60 49  6  1 71 55 AA  0 6E  1 60 49  6  1 73 55 AA  0 6E  1 60 49  6  1 74 55 AA  0 6E  1 60 49  6  1 75 55 AA  0 6E  1 60 49  6  1 76 55 AA  0 6E  1 60 49  6  1 77 55 AA  0 6E  1 60 49  6  1 78 55 AA  0 6E  1 60 49  6  1 79 55 AA  0 6E  1 60 49  6  1 7A 55 AA  0 6E  1 60 49  6  1 7C 55 AA  0 6E  1 60 49  6  1 7D 55 AA  0 6E  1 60 49  6  1 7E 55 AA  0 6E  1 60 49  6  1 7F
190309T12:45:46.375471mb >> 55 AA  0 6E  1 60 49  6  1 7E 55 AA  0 6E  1 60 49  6  1 7D 55 AA  0 6E  1 60 49  6  1 7C 55 AA  0 6E  1 60 49  6  1 7A 55 AA  0 6E  1 60 49  6  1 79 55 AA  0 6E  1 60 49  6  1 78 55 AA  0 6E  1 60 49  6  1 77 55 AA  0 6E  1 60 49  6  1 76 55 AA  0 6E  1 60 49  6  1 75 55 AA  0 6E  1 60 49  6  1 74 55 AA  0 6E  1 60 49  6  1 73 55 AA  0 6E  1 60 49  6  1 71 55 AA  0 6E  1 60 49  6  1 70 55 AA  0 6E  1 60 49  6  1 6F 55 AA  0 6E  1 60 49  6  1 6E 55 AA  0 6E  1 60 49  6  1 6D 55 AA  0 6E  1 60 49  6  1 6C 55 AA  0 6E  1 60 49  6  1 6B 55 AA  0 6E  1 60 49  6  1 6A 55 AA  0 6E  1 60 49  6  1 68 55 AA  0 6E  1 60 49  6  1 67 55 AA  0 6E  1 60 49  6  1 66 55 AA  0 6E  1 60 49  6  1 65 55 AA  0 6E  1 60 49  6  1 64 55 AA  0 6E  1 60 49  6  1 63 55 AA  0 6E  1 60 49  6  1 62 55 AA  0 6E  1 60 49  6  1 61 55 AA  0 6E  1 60 49  6  1 5F 55 AA  0 6E  1 60 49  6  1 5E 55 AA  0 6E  1 60 49  6  1 5D 55 AA  0 6E  1 60 49  6  1 5C 55 AA  0 6E  1 60 49  6  1 5B 55 AA  0 6E  1 60 49  6  1 5A 55 AA  0 6E  1 60 49  6  1 59 55 AA  0 6E  1 60 49  6  1 58 55 AA  0 6E  1 60 49  6  1 56 55 AA  0 6E  1 60 49  6  1 55 55 AA  0 6E  1 60 49  6  1 54 55 AA  0 6E  1 60 49  6  1 53 55 AA  0 6E  1 60 49  6  1 52 55 AA  0 6E  1 60 49  6  1 51 55 AA  0 6E  1 60 49  6  1 50 55 AA  0 6E  1 60 49  6  1 4F 55 AA  0 6E  1 60 49  6  1 4D 55 AA  0 6E  1 60 49  6  1 4C 55 AA  0 6E  1 60 49  6  1 4B 55 AA  0 6E  1 60 49  6  1 4A 55 AA  0 6E  1 60 49  6  1 49 55 AA  0 6E  1 60 49  6  1 48 55 AA  0 6E  1 60 49  6  1 47 55 AA  0 6E  1 60 49  6  1 46 55 AA  0 6E  1 60 49  6  1 44 55 AA  0 6E  1 60 49  6  1 43 55 AA  0 6E  1 60 49  6  1 42 55 AA  0 6E  1 60 49  6  1 41 55 AA  0 6E  1 60 49  6  1 40 55 AA  0 6E  1 60 49  6  1 3F 55 AA  0 6E  1 60 49  6  1 3E 55 AA  0 6E  1 60 49  6  1 3D 55 AA  0 6E  1 60 49  6  1 3B 55 AA  0 6E  1 60 49  6  1 3A 55 AA  0 6E  1 60 49  6  1 39 55 AA  0 6E  1 60 49  6  1 38 55 AA  0 6E  1 60 49  6  1 37 55 AA  0 6E  1 60 49  6  1 36 55 AA  0 6E  1 60 49  6  1 35 55 AA  0 6E  1 60 49  6  1 34 55 AA  0 6E  1 60 49  6  1 32 55 AA  0 6E  1 60 49  6  1 31 55 AA  0 6E  1 60 49  6  1 30 55 AA  0 6E  1 60 49  6  1 2F 55 AA  0 6E  1 60 49  6  1 2E 55 AA  0 6E  1 60 49  6  1 2D 55 AA  0 6E  1 60 49  6  1 2C 55 AA  0 6E  1 60 49  6  1 2B 55 AA  0 6E  1 60 49  6  1 29 55 AA  0 6E  1 60 49  6  1 28 55 AA  0 6E  1 60 49  6  1 27 55 AA  0 6E  1 60 49  6  1 26 55 AA  0 6E  1 60 49  6  1 25 55 AA  0 6E  1 60 49  6  1 24 55 AA  0 6E  1 60 49  6  1 23 55 AA  0 6E  1 60 49  6  1 22 55 AA  0 6E  1 60 49  6  1 20 55 AA  0 6E  1 60 49  6  1 1F 55 AA  0 6E  1 60 49  6  1 1E 55 AA  0 6E  1 60 49  6  1 1D 55 AA  0 6E  1 60 49  6  1 1C 55 AA  0 6E  1 60 49  6  1 1B 55 AA  0 6E  1 60 49  6  1 1A 55 AA  0 6E  1 60 49  6  1 19 55 AA  0 6E  1 60 49  6  1 17 55 AA  0 6E  1 60 49  6  1 16 55 AA  0 6E  1 60 49  6  1 15 55 AA  0 6E  1 60 49  6  1 14 55 AA  0 6E  1 60 49  6  1 13 55 AA  0 6E  1 60 49  6  1 12 55 AA  0 6E  1 60 49  6  1 11 55 AA  0 6E  1 60 49  6  1 10 55 AA  0 6E  1 60 49  6  1  E 55 AA  0 6E  1 60 49  6  1  D 55 AA  0 6E  1 60 49  6  1  C 55 AA  0 6E  1 60 49  6  1  B 55 AA  0 6E  1 60 49  6  1  A 55 AA  0 6E  1 60 49  6  1  9 55 AA  0 6E  1 60 49  6  1  8 55 AA  0 6E  1 60 49  6  1  7 55 AA  0 6E  1 60 49  6  1  5 55 AA  0 6E  1 60 49  6  1  4 55 AA  0 6E  1 60 49  6  1  3 55 AA  0 6E  1 60 49  6  1  2 55 AA  0 6E  1 60 49  6  1  1 55 AA  0 6E  1 60 49  6  1  0
190309T12:45:48.952370mb >> 55 AA  0 6E  1 60 49  6  1  1
190309T12:45:49.096365mb >> 55 AA  0 6E  1 60 49  6  1  2
190309T12:45:49.224703mb >> 55 AA  0 6E  1 60 49  6  1  3
190309T12:45:49.368514mb >> 55 AA  0 6E  1 60 49  6  1  4
190309T12:46:05.455674mb ####  
190309T12:46:05.455674mb #### line-in volume 
190309T12:46:05.455674mb >> 55 AA  0 6E  1 60 49  7  1  2 55 AA  0 6E  1 60 49  7  1  3 55 AA  0 6E  1 60 49  7  1  4 55 AA  0 6E  1 60 49  7  1  5 55 AA  0 6E  1 60 49  7  1  6 55 AA  0 6E  1 60 49  7  1  7 55 AA  0 6E  1 60 49  7  1  8 55 AA  0 6E  1 60 49  7  1  9 55 AA  0 6E  1 60 49  7  1  B 55 AA  0 6E  1 60 49  7  1  C 55 AA  0 6E  1 60 49  7  1  D 55 AA  0 6E  1 60 49  7  1  E 55 AA  0 6E  1 60 49  7  1  F 55 AA  0 6E  1 60 49  7  1 10 55 AA  0 6E  1 60 49  7  1 11 55 AA  0 6E  1 60 49  7  1 12 55 AA  0 6E  1 60 49  7  1 14 55 AA  0 6E  1 60 49  7  1 15 55 AA  0 6E  1 60 49  7  1 16 55 AA  0 6E  1 60 49  7  1 17 55 AA  0 6E  1 60 49  7  1 18 55 AA  0 6E  1 60 49  7  1 19 55 AA  0 6E  1 60 49  7  1 1A 55 AA  0 6E  1 60 49  7  1 1B 55 AA  0 6E  1 60 49  7  1 1D 55 AA  0 6E  1 60 49  7  1 1E 55 AA  0 6E  1 60 49  7  1 1F 55 AA  0 6E  1 60 49  7  1 20 55 AA  0 6E  1 60 49  7  1 21 55 AA  0 6E  1 60 49  7  1 22 55 AA  0 6E  1 60 49  7  1 23 55 AA  0 6E  1 60 49  7  1 24 55 AA  0 6E  1 60 49  7  1 26 55 AA  0 6E  1 60 49  7  1 27 55 AA  0 6E  1 60 49  7  1 28 55 AA  0 6E  1 60 49  7  1 29 55 AA  0 6E  1 60 49  7  1 2A 55 AA  0 6E  1 60 49  7  1 2B 55 AA  0 6E  1 60 49  7  1 2C 55 AA  0 6E  1 60 49  7  1 2D 55 AA  0 6E  1 60 49  7  1 2F 55 AA  0 6E  1 60 49  7  1 30 55 AA  0 6E  1 60 49  7  1 31 55 AA  0 6E  1 60 49  7  1 32 55 AA  0 6E  1 60 49  7  1 33 55 AA  0 6E  1 60 49  7  1 34 55 AA  0 6E  1 60 49  7  1 35 55 AA  0 6E  1 60 49  7  1 36 55 AA  0 6E  1 60 49  7  1 38 55 AA  0 6E  1 60 49  7  1 39 55 AA  0 6E  1 60 49  7  1 3A 55 AA  0 6E  1 60 49  7  1 3B 55 AA  0 6E  1 60 49  7  1 3C 55 AA  0 6E  1 60 49  7  1 3D 55 AA  0 6E  1 60 49  7  1 3E 55 AA  0 6E  1 60 49  7  1 3F 55 AA  0 6E  1 60 49  7  1 41 55 AA  0 6E  1 60 49  7  1 42 55 AA  0 6E  1 60 49  7  1 43 55 AA  0 6E  1 60 49  7  1 44 55 AA  0 6E  1 60 49  7  1 45 55 AA  0 6E  1 60 49  7  1 46 55 AA  0 6E  1 60 49  7  1 47 55 AA  0 6E  1 60 49  7  1 48 55 AA  0 6E  1 60 49  7  1 4A 55 AA  0 6E  1 60 49  7  1 4B 55 AA  0 6E  1 60 49  7  1 4C 55 AA  0 6E  1 60 49  7  1 4D 55 AA  0 6E  1 60 49  7  1 4E 55 AA  0 6E  1 60 49  7  1 4F 55 AA  0 6E  1 60 49  7  1 50 55 AA  0 6E  1 60 49  7  1 52 55 AA  0 6E  1 60 49  7  1 53 55 AA  0 6E  1 60 49  7  1 54 55 AA  0 6E  1 60 49  7  1 55 55 AA  0 6E  1 60 49  7  1 56 55 AA  0 6E  1 60 49  7  1 57 55 AA  0 6E  1 60 49  7  1 58 55 AA  0 6E  1 60 49  7  1 59 55 AA  0 6E  1 60 49  7  1 5B 55 AA  0 6E  1 60 49  7  1 5C 55 AA  0 6E  1 60 49  7  1 5D 55 AA  0 6E  1 60 49  7  1 5E 55 AA  0 6E  1 60 49  7  1 5F 55 AA  0 6E  1 60 49  7  1 60 55 AA  0 6E  1 60 49  7  1 61 55 AA  0 6E  1 60 49  7  1 62 55 AA  0 6E  1 60 49  7  1 64 55 AA  0 6E  1 60 49  7  1 65 55 AA  0 6E  1 60 49  7  1 66 55 AA  0 6E  1 60 49  7  1 67 55 AA  0 6E  1 60 49  7  1 68 55 AA  0 6E  1 60 49  7  1 69 55 AA  0 6E  1 60 49  7  1 6A 55 AA  0 6E  1 60 49  7  1 6B 55 AA  0 6E  1 60 49  7  1 6D 55 AA  0 6E  1 60 49  7  1 6E 55 AA  0 6E  1 60 49  7  1 6F 55 AA  0 6E  1 60 49  7  1 70 55 AA  0 6E  1 60 49  7  1 71 55 AA  0 6E  1 60 49  7  1 72 55 AA  0 6E  1 60 49  7  1 73 55 AA  0 6E  1 60 49  7  1 75 55 AA  0 6E  1 60 49  7  1 76 55 AA  0 6E  1 60 49  7  1 77 55 AA  0 6E  1 60 49  7  1 78 55 AA  0 6E  1 60 49  7  1 79 55 AA  0 6E  1 60 49  7  1 7A 55 AA  0 6E  1 60 49  7  1 7B 55 AA  0 6E  1 60 49  7  1 7C 55 AA  0 6E  1 60 49  7  1 7E 55 AA  0 6E  1 60 49  7  1 7F
190309T12:46:07.134475mb >> 55 AA  0 6E  1 60 49  7  1 7E 55 AA  0 6E  1 60 49  7  1 7C 55 AA  0 6E  1 60 49  7  1 7B 55 AA  0 6E  1 60 49  7  1 7A 55 AA  0 6E  1 60 49  7  1 79 55 AA  0 6E  1 60 49  7  1 78 55 AA  0 6E  1 60 49  7  1 77 55 AA  0 6E  1 60 49  7  1 76 55 AA  0 6E  1 60 49  7  1 75 55 AA  0 6E  1 60 49  7  1 73 55 AA  0 6E  1 60 49  7  1 72 55 AA  0 6E  1 60 49  7  1 71 55 AA  0 6E  1 60 49  7  1 70 55 AA  0 6E  1 60 49  7  1 6F 55 AA  0 6E  1 60 49  7  1 6E 55 AA  0 6E  1 60 49  7  1 6D 55 AA  0 6E  1 60 49  7  1 6B 55 AA  0 6E  1 60 49  7  1 6A 55 AA  0 6E  1 60 49  7  1 69 55 AA  0 6E  1 60 49  7  1 68 55 AA  0 6E  1 60 49  7  1 67 55 AA  0 6E  1 60 49  7  1 66 55 AA  0 6E  1 60 49  7  1 64 55 AA  0 6E  1 60 49  7  1 63 55 AA  0 6E  1 60 49  7  1 62 55 AA  0 6E  1 60 49  7  1 61 55 AA  0 6E  1 60 49  7  1 60 55 AA  0 6E  1 60 49  7  1 5F 55 AA  0 6E  1 60 49  7  1 5E 55 AA  0 6E  1 60 49  7  1 5D 55 AA  0 6E  1 60 49  7  1 5B 55 AA  0 6E  1 60 49  7  1 5A 55 AA  0 6E  1 60 49  7  1 59 55 AA  0 6E  1 60 49  7  1 58 55 AA  0 6E  1 60 49  7  1 57 55 AA  0 6E  1 60 49  7  1 56 55 AA  0 6E  1 60 49  7  1 55 55 AA  0 6E  1 60 49  7  1 54 55 AA  0 6E  1 60 49  7  1 52 55 AA  0 6E  1 60 49  7  1 51 55 AA  0 6E  1 60 49  7  1 50 55 AA  0 6E  1 60 49  7  1 4F 55 AA  0 6E  1 60 49  7  1 4E 55 AA  0 6E  1 60 49  7  1 4D 55 AA  0 6E  1 60 49  7  1 4C 55 AA  0 6E  1 60 49  7  1 4B 55 AA  0 6E  1 60 49  7  1 49 55 AA  0 6E  1 60 49  7  1 48 55 AA  0 6E  1 60 49  7  1 47 55 AA  0 6E  1 60 49  7  1 46 55 AA  0 6E  1 60 49  7  1 45 55 AA  0 6E  1 60 49  7  1 44 55 AA  0 6E  1 60 49  7  1 43 55 AA  0 6E  1 60 49  7  1 42 55 AA  0 6E  1 60 49  7  1 40 55 AA  0 6E  1 60 49  7  1 3F 55 AA  0 6E  1 60 49  7  1 3E 55 AA  0 6E  1 60 49  7  1 3D 55 AA  0 6E  1 60 49  7  1 3C 55 AA  0 6E  1 60 49  7  1 3B 55 AA  0 6E  1 60 49  7  1 3A 55 AA  0 6E  1 60 49  7  1 38 55 AA  0 6E  1 60 49  7  1 37 55 AA  0 6E  1 60 49  7  1 36 55 AA  0 6E  1 60 49  7  1 35 55 AA  0 6E  1 60 49  7  1 34 55 AA  0 6E  1 60 49  7  1 33 55 AA  0 6E  1 60 49  7  1 32 55 AA  0 6E  1 60 49  7  1 31 55 AA  0 6E  1 60 49  7  1 2F 55 AA  0 6E  1 60 49  7  1 2E 55 AA  0 6E  1 60 49  7  1 2D 55 AA  0 6E  1 60 49  7  1 2C 55 AA  0 6E  1 60 49  7  1 2B 55 AA  0 6E  1 60 49  7  1 2A 55 AA  0 6E  1 60 49  7  1 29 55 AA  0 6E  1 60 49  7  1 27 55 AA  0 6E  1 60 49  7  1 26 55 AA  0 6E  1 60 49  7  1 25 55 AA  0 6E  1 60 49  7  1 24 55 AA  0 6E  1 60 49  7  1 23 55 AA  0 6E  1 60 49  7  1 22 55 AA  0 6E  1 60 49  7  1 21 55 AA  0 6E  1 60 49  7  1 20 55 AA  0 6E  1 60 49  7  1 1E 55 AA  0 6E  1 60 49  7  1 1D 55 AA  0 6E  1 60 49  7  1 1C 55 AA  0 6E  1 60 49  7  1 1B 55 AA  0 6E  1 60 49  7  1 1A 55 AA  0 6E  1 60 49  7  1 19 55 AA  0 6E  1 60 49  7  1 18 55 AA  0 6E  1 60 49  7  1 16 55 AA  0 6E  1 60 49  7  1 15 55 AA  0 6E  1 60 49  7  1 14 55 AA  0 6E  1 60 49  7  1 13 55 AA  0 6E  1 60 49  7  1 12 55 AA  0 6E  1 60 49  7  1 11 55 AA  0 6E  1 60 49  7  1 10 55 AA  0 6E  1 60 49  7  1  E 55 AA  0 6E  1 60 49  7  1  D 55 AA  0 6E  1 60 49  7  1  C 55 AA  0 6E  1 60 49  7  1  B 55 AA  0 6E  1 60 49  7  1  A 55 AA  0 6E  1 60 49  7  1  9 55 AA  0 6E  1 60 49  7  1  8 55 AA  0 6E  1 60 49  7  1  6 55 AA  0 6E  1 60 49  7  1  5 55 AA  0 6E  1 60 49  7  1  4 55 AA  0 6E  1 60 49  7  1  3 55 AA  0 6E  1 60 49  7  1  2 55 AA  0 6E  1 60 49  7  1  1 55 AA  0 6E  1 60 49  7  1  0
190309T12:46:42.587037mb ####  
190309T12:46:42.587037mb #### key 1 
190309T12:46:42.587037mb >> 55 AA  0 6E  1 60 49  0  2 15 7F
190309T12:46:43.995643mb >> 55 AA  0 6E  1 60 49  1  2 15 7F
190309T12:47:02.003653mb >> 55 AA  0 6E  1 60 49  1  2 15  0
190309T12:47:03.460325mb >> 55 AA  0 6E  1 60 49  1  2 15 7F
190309T12:47:03.860484mb >> 55 AA  0 6E  1 60 49  1  2 15  0
190309T12:47:04.564719mb >> 55 AA  0 6E  1 60 49  0  2 15  0
190309T12:48:41.823267mb #### (key number 21, S1 on, S2 on and back) 
190309T12:48:41.823267mb #### key 42, briskly 
190309T12:48:41.823267mb >> 55 AA  0 6E  1 60 49  0  2 3E 7F 55 AA  0 6E  1 60 49  1  2 3E 7F 55 AA  0 6E  1 60 49  2  2 3E 7F 55 AA  0 6E  1 60 49  2  2 3E  0 55 AA  0 6E  1 60 49  1  2 3E  0
190309T12:48:45.392791mb >> 55 AA  0 6E  1 60 49  0  2 3E  0
190309T12:49:11.420411mb ####  
190309T12:49:11.420411mb #### mode 10 
190309T12:49:11.420411mb >> 55 AA  0 6E  1 60 4A  1  4  0  0  0  0
190309T12:49:15.902160mb >> 55 AA  0 6E  1 60 4A  1  4  0 40  0  0
190309T12:49:20.384264mb >> 55 AA  0 6E  1 60 4A  1  4  0 80  0  0
190309T12:49:24.866167mb >> 55 AA  0 6E  1 60 4A  1  4  0 C0  0  0
190309T12:49:29.348072mb >> 55 AA  0 6E  1 60 4A  1  4  1  0  0  0
190309T12:49:33.830017mb >> 55 AA  0 6E  1 60 4A  1  4  1 40  0  0
190309T12:49:38.311931mb >> 55 AA  0 6E  1 60 4A  1  4  1 80  0  0
190309T12:49:42.794022mb >> 55 AA  0 6E  1 60 4A  1  4  1 C0  0  0
190309T12:49:47.275753mb >> 55 AA  0 6E  1 60 4A  1  4  2  0  0  0
190309T12:49:51.741892mb >> 55 AA  0 6E  1 60 4A  1  4  2 40  0  0
190309T12:49:56.223768mb >> 55 AA  0 6E  1 60 4A  1  4  2 80  0  0
190309T12:50:00.705915mb >> 55 AA  0 6E  1 60 4A  1  4  2 C0  0  0
190309T12:50:05.187798mb >> 55 AA  0 6E  1 60 4A  1  4  3  0  0  0
190309T12:50:09.669769mb >> 55 AA  0 6E  1 60 4A  1  4  3 40  0  0
190309T12:50:14.151729mb >> 55 AA  0 6E  1 60 4A  1  4  3 80  0  0
190309T12:50:18.633475mb >> 55 AA  0 6E  1 60 4A  1  4  3 C0  0  0
190309T12:50:23.115533mb >> 55 AA  0 6E  1 60 4A  1  4  4  0  0  0
190309T12:50:27.581440mb >> 55 AA  0 6E  1 60 4A  1  4  4 40  0  0
190309T12:50:32.063379mb >> 55 AA  0 6E  1 60 4A  1  4  4 80  0  0
190309T12:50:36.545457mb >> 55 AA  0 6E  1 60 4A  1  4  4 C0  0  0
190309T12:50:41.027525mb >> 55 AA  0 6E  1 60 4A  1  4  5  0  0  0
190309T12:50:45.509394mb >> 55 AA  0 6E  1 60 4A  1  4  5 40  0  0
190309T12:50:49.991359mb >> 55 AA  0 6E  1 60 4A  1  4  5 80  0  0
190309T12:50:54.473215mb >> 55 AA  0 6E  1 60 4A  1  4  5 C0  0  0
190309T12:50:58.955346mb >> 55 AA  0 6E  1 60 4A  1  4  6  0  0  0
190309T12:51:03.421359mb >> 55 AA  0 6E  1 60 4A  1  4  6 40  0  0
190309T12:51:07.903261mb >> 55 AA  0 6E  1 60 4A  1  4  6 80  0  0
190309T12:51:12.385281mb >> 55 AA  0 6E  1 60 4A  1  4  6 C0  0  0
190309T12:51:16.867174mb >> 55 AA  0 6E  1 60 4A  1  4  7  0  0  0
190309T12:51:21.349209mb >> 55 AA  0 6E  1 60 4A  1  4  7 40  0  0
190309T12:51:25.831014mb >> 55 AA  0 6E  1 60 4A  1  4  7 80  0  0
190309T12:51:30.313063mb >> 55 AA  0 6E  1 60 4A  1  4  7 C0  0  0
190309T12:51:34.795196mb >> 55 AA  0 6E  1 60 4A  1  4  8  0  0  0
190309T12:51:39.260842mb >> 55 AA  0 6E  1 60 4A  1  4  8 40  0  0
190309T12:51:43.742995mb >> 55 AA  0 6E  1 60 4A  1  4  8 80  0  0
190309T12:51:48.224821mb >> 55 AA  0 6E  1 60 4A  1  4  8 C0  0  0
190309T12:51:52.706607mb >> 55 AA  0 6E  1 60 4A  1  4  9  0  0  0
190309T12:51:57.188728mb >> 55 AA  0 6E  1 60 4A  1  4  9 40  0  0
190309T12:52:01.670654mb >> 55 AA  0 6E  1 60 4A  1  4  9 80  0  0
190309T12:52:06.152526mb >> 55 AA  0 6E  1 60 4A  1  4  9 C0  0  0
190309T12:52:10.634666mb >> 55 AA  0 6E  1 60 4A  1  4  A  0  0  0
190309T12:52:15.116502mb >> 55 AA  0 6E  1 60 4A  1  4  A 40  0  0
190309T12:52:19.582590mb >> 55 AA  0 6E  1 60 4A  1  4  A 80  0  0
190309T12:52:24.064227mb >> 55 AA  0 6E  1 60 4A  1  4  A C0  0  0
190309T12:52:24.592483mb >> 55 AA  0 6E  1 60 41  5  2 48 55
190309T12:52:24.800604mb >> 55 AA  0 6E  1 60 41  6  2 48 5D
190309T12:52:28.562160mb >> 55 AA  0 6E  1 60 4A  1  4  B  0  0  0
190309T12:52:33.044289mb >> 55 AA  0 6E  1 60 4A  1  4  B 40  0  0
190309T12:52:37.526042mb >> 55 AA  0 6E  1 60 4A  1  4  B 80  0  0
190309T12:52:41.992207mb >> 55 AA  0 6E  1 60 4A  1  4  B C0  0  0
190309T12:52:46.474051mb >> 55 AA  0 6E  1 60 4A  1  4  C  0  0  0
190309T12:52:50.955920mb >> 55 AA  0 6E  1 60 4A  1  4  C 40  0  0
190309T12:52:55.438061mb >> 55 AA  0 6E  1 60 4A  1  4  C 80  0  0
190309T12:52:59.919861mb >> 55 AA  0 6E  1 60 4A  1  4  C C0  0  0
190309T12:53:04.401861mb >> 55 AA  0 6E  1 60 4A  1  4  D  0  0  0
190309T12:53:08.883671mb >> 55 AA  0 6E  1 60 4A  1  4  D 40  0  0
190309T12:53:13.365717mb >> 55 AA  0 6E  1 60 4A  1  4  D 80  0  0
190309T12:53:17.847534mb >> 55 AA  0 6E  1 60 4A  1  4  D C0  0  0
190309T12:53:22.313485mb >> 55 AA  0 6E  1 60 4A  1  4  E  0  0  0
190309T12:53:26.795294mb >> 55 AA  0 6E  1 60 4A  1  4  E 40  0  0
190309T12:53:31.277419mb >> 55 AA  0 6E  1 60 4A  1  4  E 80  0  0
190309T12:53:35.759136mb >> 55 AA  0 6E  1 60 4A  1  4  E C0  0  0
190309T12:53:40.241249mb >> 55 AA  0 6E  1 60 4A  1  4  F  0  0  0
190309T12:53:44.723050mb >> 55 AA  0 6E  1 60 4A  1  4  F 40  0  0
190309T12:53:49.205192mb >> 55 AA  0 6E  1 60 4A  1  4  F 80  0  0
190309T12:53:53.686928mb >> 55 AA  0 6E  1 60 4A  1  4  F C0  0  0
190309T12:53:58.153071mb >> 55 AA  0 6E  1 60 4A  1  4 10  0  0  0
190309T12:54:02.635071mb >> 55 AA  0 6E  1 60 4A  1  4 10 40  0  0
190309T12:54:07.116987mb >> 55 AA  0 6E  1 60 4A  1  4 10 80  0  0
190309T12:54:11.598781mb >> 55 AA  0 6E  1 60 4A  1  4 10 C0  0  0
190309T12:54:16.080766mb >> 55 AA  0 6E  1 60 4A  1  4 11  0  0  0
190309T12:54:20.562829mb >> 55 AA  0 6E  1 60 4A  1  4 11 40  0  0
190309T12:54:25.044702mb >> 55 AA  0 6E  1 60 4A  1  4 11 80  0  0
190309T12:54:29.526436mb >> 55 AA  0 6E  1 60 4A  1  4 11 C0  0  0
190309T12:54:33.992500mb >> 55 AA  0 6E  1 60 4A  1  4 12  0  0  0
190309T12:54:38.474524mb >> 55 AA  0 6E  1 60 4A  1  4 12 40  0  0
190309T12:54:42.956397mb >> 55 AA  0 6E  1 60 4A  1  4 12 80  0  0
190309T12:54:47.438191mb >> 55 AA  0 6E  1 60 4A  1  4 12 C0  0  0
190309T12:54:51.920373mb >> 55 AA  0 6E  1 60 4A  1  4 13  0  0  0
190309T12:54:56.402191mb >> 55 AA  0 6E  1 60 4A  1  4 13 40  0  0
190309T12:55:00.884371mb >> 55 AA  0 6E  1 60 4A  1  4 13 80  0  0
190309T12:55:05.366344mb >> 55 AA  0 6E  1 60 4A  1  4 13 C0  0  0
190309T12:55:09.848372mb >> 55 AA  0 6E  1 60 4A  1  4 14  0  0  0
190309T12:55:14.314218mb >> 55 AA  0 6E  1 60 4A  1  4 14 40  0  0
190309T12:55:18.796210mb >> 55 AA  0 6E  1 60 4A  1  4 14 80  0  0
190309T12:55:23.278255mb >> 55 AA  0 6E  1 60 4A  1  4 14 C0  0  0
190309T12:55:27.760039mb >> 55 AA  0 6E  1 60 4A  1  4 15  0  0  0
190309T12:55:32.242115mb >> 55 AA  0 6E  1 60 4A  1  4 15 40  0  0
190309T12:55:36.724135mb >> 55 AA  0 6E  1 60 4A  1  4 15 80  0  0
190309T12:55:41.206137mb >> 55 AA  0 6E  1 60 4A  1  4 15 C0  0  0
190309T12:55:45.687704mb >> 55 AA  0 6E  1 60 4A  1  4 16  0  0  0
190309T12:55:50.153859mb >> 55 AA  0 6E  1 60 4A  1  4 16 40  0  0
190309T12:55:54.635862mb >> 55 AA  0 6E  1 60 4A  1  4 16 80  0  0
190309T12:55:59.117727mb >> 55 AA  0 6E  1 60 4A  1  4 16 C0  0  0
190309T12:56:03.599739mb >> 55 AA  0 6E  1 60 4A  1  4 17  0  0  0
190309T12:56:08.081609mb >> 55 AA  0 6E  1 60 4A  1  4 17 40  0  0
190309T12:56:12.563701mb >> 55 AA  0 6E  1 60 4A  1  4 17 80  0  0
190309T12:56:17.045476mb >> 55 AA  0 6E  1 60 4A  1  4 17 C0  0  0
190309T12:56:21.527745mb >> 55 AA  0 6E  1 60 4A  1  4 18  0  0  0
190309T12:56:25.993622mb >> 55 AA  0 6E  1 60 4A  1  4 18 40  0  0
190309T12:56:30.475654mb >> 55 AA  0 6E  1 60 4A  1  4 18 80  0  0
190309T12:56:34.957623mb >> 55 AA  0 6E  1 60 4A  1  4 18 C0  0  0
190309T12:56:39.439314mb >> 55 AA  0 6E  1 60 4A  1  4 19  0  0  0
190309T12:56:43.921507mb >> 55 AA  0 6E  1 60 4A  1  4 19 40  0  0
190309T12:56:48.403371mb >> 55 AA  0 6E  1 60 4A  1  4 19 80  0  0
190309T12:56:52.885413mb >> 55 AA  0 6E  1 60 4A  1  4 19 C0  0  0
190309T12:56:57.367309mb >> 55 AA  0 6E  1 60 4A  1  4 1A  0  0  0
190309T12:57:01.849383mb >> 55 AA  0 6E  1 60 4A  1  4 1A 40  0  0
190309T12:57:06.315288mb >> 55 AA  0 6E  1 60 4A  1  4 1A 80  0  0
190309T12:57:10.796956mb >> 55 AA  0 6E  1 60 4A  1  4 1A C0  0  0
190309T12:57:15.279140mb >> 55 AA  0 6E  1 60 4A  1  4 1B  0  0  0
190309T12:57:19.761042mb >> 55 AA  0 6E  1 60 4A  1  4 1B 40  0  0
190309T12:57:24.242888mb >> 55 AA  0 6E  1 60 4A  1  4 1B 80  0  0
190309T12:57:28.724957mb >> 55 AA  0 6E  1 60 4A  1  4 1B C0  0  0
190309T12:57:33.206897mb >> 55 AA  0 6E  1 60 4A  1  4 1C  0  0  0
190309T12:57:37.688801mb >> 55 AA  0 6E  1 60 4A  1  4 1C 40  0  0
190309T12:57:42.154633mb >> 55 AA  0 6E  1 60 4A  1  4 1C 80  0  0
190309T12:57:46.636619mb >> 55 AA  0 6E  1 60 4A  1  4 1C C0  0  0
190309T12:57:51.118511mb >> 55 AA  0 6E  1 60 4A  1  4 1D  0  0  0
190309T12:57:55.600335mb >> 55 AA  0 6E  1 60 4A  1  4 1D 40  0  0
190309T12:58:00.082533mb >> 55 AA  0 6E  1 60 4A  1  4 1D 80  0  0
190309T12:58:04.564437mb >> 55 AA  0 6E  1 60 4A  1  4 1D C0  0  0
190309T12:58:09.046412mb >> 55 AA  0 6E  1 60 4A  1  4 1E  0  0  0
190309T12:58:13.528220mb >> 55 AA  0 6E  1 60 4A  1  4 1E 40  0  0
190309T12:58:17.994504mb >> 55 AA  0 6E  1 60 4A  1  4 1E 80  0  0
190309T12:58:22.476269mb >> 55 AA  0 6E  1 60 4A  1  4 1E C0  0  0
190309T12:58:26.958409mb >> 55 AA  0 6E  1 60 4A  1  4 1F  0  0  0
190309T12:58:31.440318mb >> 55 AA  0 6E  1 60 4A  1  4 1F 40  0  0
190309T12:58:35.922248mb >> 55 AA  0 6E  1 60 4A  1  4 1F 80  0  0
190309T12:58:40.404226mb >> 55 AA  0 6E  1 60 4A  1  4 1F C0  0  0
190309T12:58:44.886301mb >> 55 AA  0 6E  1 60 4A  1  4 20  0  0  0
190309T12:58:49.368069mb >> 55 AA  0 6E  1 60 4A  1  4 20 40  0  0
190309T12:58:53.850123mb >> 55 AA  0 6E  1 60 4A  1  4 20 80  0  0
190309T12:58:58.316081mb >> 55 AA  0 6E  1 60 4A  1  4 20 C0  0  0
190309T12:59:02.798085mb >> 55 AA  0 6E  1 60 4A  1  4 21  0  0  0
190309T12:59:07.279983mb >> 55 AA  0 6E  1 60 4A  1  4 21 40  0  0
190309T12:59:11.761944mb >> 55 AA  0 6E  1 60 4A  1  4 21 80  0  0
190309T12:59:16.243930mb >> 55 AA  0 6E  1 60 4A  1  4 21 C0  0  0
190309T12:59:20.725902mb >> 55 AA  0 6E  1 60 4A  1  4 22  0  0  0
190309T12:59:25.207756mb >> 55 AA  0 6E  1 60 4A  1  4 22 40  0  0
190309T12:59:29.689632mb >> 55 AA  0 6E  1 60 4A  1  4 22 80  0  0
190309T12:59:34.155852mb >> 55 AA  0 6E  1 60 4A  1  4 22 C0  0  0
190309T12:59:38.637855mb >> 55 AA  0 6E  1 60 4A  1  4 23  0  0  0
190309T12:59:43.119560mb >> 55 AA  0 6E  1 60 4A  1  4 23 40  0  0
190309T12:59:47.601703mb >> 55 AA  0 6E  1 60 4A  1  4 23 80  0  0
190309T12:59:52.083499mb >> 55 AA  0 6E  1 60 4A  1  4 23 C0  0  0
190309T12:59:56.565448mb >> 55 AA  0 6E  1 60 4A  1  4 24  0  0  0
190309T13:00:01.047450mb >> 55 AA  0 6E  1 60 4A  1  4 24 40  0  0
190309T13:00:05.529620mb >> 55 AA  0 6E  1 60 4A  1  4 24 80  0  0
190309T13:00:10.011464mb >> 55 AA  0 6E  1 60 4A  1  4 24 C0  0  0
190309T13:00:14.477210mb >> 55 AA  0 6E  1 60 4A  1  4 25  0  0  0
190309T13:00:18.959216mb >> 55 AA  0 6E  1 60 4A  1  4 25 40  0  0
190309T13:00:23.441206mb >> 55 AA  0 6E  1 60 4A  1  4 25 80  0  0
190309T13:00:27.923252mb >> 55 AA  0 6E  1 60 4A  1  4 25 C0  0  0
190309T13:00:32.405086mb >> 55 AA  0 6E  1 60 4A  1  4 26  0  0  0
190309T13:00:36.887263mb >> 55 AA  0 6E  1 60 4A  1  4 26 40  0  0
190309T13:00:41.369225mb >> 55 AA  0 6E  1 60 4A  1  4 26 80  0  0
190309T13:00:45.851098mb >> 55 AA  0 6E  1 60 4A  1  4 26 C0  0  0
190309T13:00:50.316917mb >> 55 AA  0 6E  1 60 4A  1  4 27  0  0  0
190309T13:00:54.798832mb >> 55 AA  0 6E  1 60 4A  1  4 27 40  0  0
190309T13:00:59.280982mb >> 55 AA  0 6E  1 60 4A  1  4 27 80  0  0
190309T13:01:03.762813mb >> 55 AA  0 6E  1 60 4A  1  4 27 C0  0  0
190309T13:01:04.563073mb >> 55 AA  0 6E  1 60 41  5  2 29 2C
190309T13:01:04.931273mb >> 55 AA  0 6E  1 60 41  5  2 2D 2F 55 AA  0 6E  1 60 41  6  2 29 5C
190309T13:01:05.235484mb >> 55 AA  0 6E  1 60 41  5  2 30 30
190309T13:01:05.347576mb >> 55 AA  0 6E  1 60 41  6  2 2D 68
190309T13:01:05.587778mb >> 55 AA  0 6E  1 60 41  5  2 2D 36 55 AA  0 6E  1 60 41  6  2 30 5C
190309T13:01:05.923916mb >> 55 AA  0 6E  1 60 41  5  2 29 2C 55 AA  0 6E  1 60 41  6  2 2D 67
190309T13:01:06.244136mb >> 55 AA  0 6E  1 60 41  5  2 2D 30
190309T13:01:06.371929mb >> 55 AA  0 6E  1 60 41  6  2 29 5D
190309T13:01:06.548092mb >> 55 AA  0 6E  1 60 41  5  2 30 3B 55 AA  0 6E  1 60 41  6  2 2D 69
190309T13:01:06.868346mb >> 55 AA  0 6E  1 60 41  5  2 2D 3F 55 AA  0 6E  1 60 41  6  2 30 61
190309T13:01:07.252289mb >> 55 AA  0 6E  1 60 41  6  2 2D 68
190309T13:01:07.428549mb >> 55 AA  0 6E  1 60 41  5  2 29 40
190309T13:01:07.780593mb >> 55 AA  0 6E  1 60 41  6  2 29 4D
190309T13:01:08.340860mb >> 55 AA  0 6E  1 60 4A  1  4 28  0  0  0 55 AA  0 6E  1 60 41  5  2 2D 31
190309T13:01:09.237246mb >> 55 AA  0 6E  1 60 41  6  2 2D 68
190309T13:01:09.701497mb >> 55 AA  0 6E  1 60 41  5  2 2D 19
190309T13:01:10.245762mb >> 55 AA  0 6E  1 60 41  6  2 2D 6C
190309T13:01:10.373759mb >> 55 AA  0 6E  1 60 41  5  2 2D 37
190309T13:01:12.870865mb >> 55 AA  0 6E  1 60 4A  1  4 28 40  0  0 55 AA  0 6E  1 60 41  6  2 2D 6B
190309T13:01:12.998870mb >> 55 AA  0 6E  1 60 41  5  2 2D 33
190309T13:01:14.151459mb >> 55 AA  0 6E  1 60 41  6  2 2D 5D
190309T13:01:14.359531mb >> 55 AA  0 6E  1 60 41  5  2 2D 39
190309T13:01:15.319793mb >> 55 AA  0 6E  1 60 41  6  2 2D 67
190309T13:01:17.384823mb >> 55 AA  0 6E  1 60 4A  1  4 28 80  0  0
190309T13:01:21.866754mb >> 55 AA  0 6E  1 60 4A  1  4 28 C0  0  0
190309T13:01:26.348731mb >> 55 AA  0 6E  1 60 4A  1  4 29  0  0  0
190309T13:01:30.830882mb >> 55 AA  0 6E  1 60 4A  1  4 29 40  0  0
190309T13:01:35.312779mb >> 55 AA  0 6E  1 60 4A  1  4 29 80  0  0
190309T13:01:39.794754mb >> 55 AA  0 6E  1 60 4A  1  4 29 C0  0  0
190309T13:01:44.260638mb >> 55 AA  0 6E  1 60 4A  1  4 2A  0  0  0
190309T13:01:48.742515mb >> 55 AA  0 6E  1 60 4A  1  4 2A 40  0  0
190309T13:01:53.224248mb >> 55 AA  0 6E  1 60 4A  1  4 2A 80  0  0
190309T13:01:57.706515mb >> 55 AA  0 6E  1 60 4A  1  4 2A C0  0  0
190309T13:02:02.188249mb >> 55 AA  0 6E  1 60 4A  1  4 2B  0  0  0
190309T13:02:06.670114mb >> 55 AA  0 6E  1 60 4A  1  4 2B 40  0  0
190309T13:02:11.152202mb >> 55 AA  0 6E  1 60 4A  1  4 2B 80  0  0
190309T13:02:15.634195mb >> 55 AA  0 6E  1 60 4A  1  4 2B C0  0  0
190309T13:02:20.115974mb >> 55 AA  0 6E  1 60 4A  1  4 2C  0  0  0
190309T13:02:24.582021mb >> 55 AA  0 6E  1 60 4A  1  4 2C 40  0  0
190309T13:02:29.063902mb >> 55 AA  0 6E  1 60 4A  1  4 2C 80  0  0
190309T13:02:33.545907mb >> 55 AA  0 6E  1 60 4A  1  4 2C C0  0  0
190309T13:02:38.027944mb >> 55 AA  0 6E  1 60 4A  1  4 2D  0  0  0
190309T13:02:42.509904mb >> 55 AA  0 6E  1 60 4A  1  4 2D 40  0  0
190309T13:02:46.991765mb >> 55 AA  0 6E  1 60 4A  1  4 2D 80  0  0
190309T13:02:51.473787mb >> 55 AA  0 6E  1 60 4A  1  4 2D C0  0  0
190309T13:02:55.955662mb >> 55 AA  0 6E  1 60 4A  1  4 2E  0  0  0
190309T13:03:00.421479mb >> 55 AA  0 6E  1 60 4A  1  4 2E 40  0  0
190309T13:03:04.903669mb >> 55 AA  0 6E  1 60 4A  1  4 2E 80  0  0
190309T13:03:09.385673mb >> 55 AA  0 6E  1 60 4A  1  4 2E C0  0  0
190309T13:03:13.867434mb >> 55 AA  0 6E  1 60 4A  1  4 2F  0  0  0
190309T13:03:18.349395mb >> 55 AA  0 6E  1 60 4A  1  4 2F 40  0  0
190309T13:03:22.831380mb >> 55 AA  0 6E  1 60 4A  1  4 2F 80  0  0
190309T13:03:27.313307mb >> 55 AA  0 6E  1 60 4A  1  4 2F C0  0  0
190309T13:03:31.795135mb >> 55 AA  0 6E  1 60 4A  1  4 30  0  0  0
190309T13:03:36.277145mb >> 55 AA  0 6E  1 60 4A  1  4 30 40  0  0
190309T13:03:40.743029mb >> 55 AA  0 6E  1 60 4A  1  4 30 80  0  0
190309T13:03:45.225175mb >> 55 AA  0 6E  1 60 4A  1  4 30 C0  0  0
190309T13:03:49.707157mb >> 55 AA  0 6E  1 60 4A  1  4 31  0  0  0
190309T13:03:54.189030mb >> 55 AA  0 6E  1 60 4A  1  4 31 40  0  0
190309T13:03:58.671202mb >> 55 AA  0 6E  1 60 4A  1  4 31 80  0  0
190309T13:04:03.152954mb >> 55 AA  0 6E  1 60 4A  1  4 31 C0  0  0
190309T13:04:07.634822mb >> 55 AA  0 6E  1 60 4A  1  4 32  0  0  0
190309T13:04:12.117164mb >> 55 AA  0 6E  1 60 4A  1  4 32 40  0  0
190309T13:04:16.582727mb >> 55 AA  0 6E  1 60 4A  1  4 32 80  0  0
190309T13:04:21.064818mb >> 55 AA  0 6E  1 60 4A  1  4 32 C0  0  0
190309T13:04:25.546534mb >> 55 AA  0 6E  1 60 4A  1  4 33  0  0  0
190309T13:04:30.028684mb >> 55 AA  0 6E  1 60 4A  1  4 33 40  0  0
190309T13:04:34.510597mb >> 55 AA  0 6E  1 60 4A  1  4 33 80  0  0
190309T13:04:38.992392mb >> 55 AA  0 6E  1 60 4A  1  4 33 C0  0  0
190309T13:04:43.474499mb >> 55 AA  0 6E  1 60 4A  1  4 34  0  0  0
190309T13:04:47.956384mb >> 55 AA  0 6E  1 60 4A  1  4 34 40  0  0
190309T13:04:52.422348mb >> 55 AA  0 6E  1 60 4A  1  4 34 80  0  0
190309T13:04:56.904305mb >> 55 AA  0 6E  1 60 4A  1  4 34 C0  0  0
190309T13:05:01.386352mb >> 55 AA  0 6E  1 60 4A  1  4 35  0  0  0
190309T13:05:05.868411mb >> 55 AA  0 6E  1 60 4A  1  4 35 40  0  0
190309T13:05:10.350322mb >> 55 AA  0 6E  1 60 4A  1  4 35 80  0  0
190309T13:05:14.832223mb >> 55 AA  0 6E  1 60 4A  1  4 35 C0  0  0
190309T13:05:19.314101mb >> 55 AA  0 6E  1 60 4A  1  4 36  0  0  0
190309T13:05:23.796191mb >> 55 AA  0 6E  1 60 4A  1  4 36 40  0  0
190309T13:05:28.278116mb >> 55 AA  0 6E  1 60 4A  1  4 36 80  0  0
190309T13:05:32.744047mb >> 55 AA  0 6E  1 60 4A  1  4 36 C0  0  0
190309T13:05:37.225845mb >> 55 AA  0 6E  1 60 4A  1  4 37  0  0  0
190309T13:05:41.708009mb >> 55 AA  0 6E  1 60 4A  1  4 37 40  0  0
190309T13:05:46.190025mb >> 55 AA  0 6E  1 60 4A  1  4 37 80  0  0
190309T13:05:50.671705mb >> 55 AA  0 6E  1 60 4A  1  4 37 C0  0  0
190309T13:05:55.153601mb >> 55 AA  0 6E  1 60 4A  1  4 38  0  0  0
190309T13:05:59.635479mb >> 55 AA  0 6E  1 60 4A  1  4 38 40  0  0
190309T13:06:04.117485mb >> 55 AA  0 6E  1 60 4A  1  4 38 80  0  0
190309T13:06:08.583457mb >> 55 AA  0 6E  1 60 4A  1  4 38 C0  0  0
190309T13:06:13.065332mb >> 55 AA  0 6E  1 60 4A  1  4 39  0  0  0
190309T13:06:17.547301mb >> 55 AA  0 6E  1 60 4A  1  4 39 40  0  0
190309T13:06:22.029312mb >> 55 AA  0 6E  1 60 4A  1  4 39 80  0  0
190309T13:06:26.511222mb >> 55 AA  0 6E  1 60 4A  1  4 39 C0  0  0
190309T13:06:30.993060mb >> 55 AA  0 6E  1 60 4A  1  4 3A  0  0  0
190309T13:06:35.475206mb >> 55 AA  0 6E  1 60 4A  1  4 3A 40  0  0
190309T13:06:39.957061mb >> 55 AA  0 6E  1 60 4A  1  4 3A 80  0  0
190309T13:06:44.423034mb >> 55 AA  0 6E  1 60 4A  1  4 3A C0  0  0
190309T13:06:48.905029mb >> 55 AA  0 6E  1 60 4A  1  4 3B  0  0  0
190309T13:06:53.386891mb >> 55 AA  0 6E  1 60 4A  1  4 3B 40  0  0
190309T13:06:57.868755mb >> 55 AA  0 6E  1 60 4A  1  4 3B 80  0  0
190309T13:07:02.350686mb >> 55 AA  0 6E  1 60 4A  1  4 3B C0  0  0
190309T13:07:06.832747mb >> 55 AA  0 6E  1 60 4A  1  4 3C  0  0  0
190309T13:07:11.314650mb >> 55 AA  0 6E  1 60 4A  1  4 3C 40  0  0
190309T13:07:15.796639mb >> 55 AA  0 6E  1 60 4A  1  4 3C 80  0  0
190309T13:07:20.278531mb >> 55 AA  0 6E  1 60 4A  1  4 3C C0  0  0
190309T13:07:24.744629mb >> 55 AA  0 6E  1 60 4A  1  4 3D  0  0  0
190309T13:07:29.226614mb >> 55 AA  0 6E  1 60 4A  1  4 3D 40  0  0
190309T13:07:33.708315mb >> 55 AA  0 6E  1 60 4A  1  4 3D 80  0  0
190309T13:07:38.190332mb >> 55 AA  0 6E  1 60 4A  1  4 3D C0  0  0
190309T13:07:42.672353mb >> 55 AA  0 6E  1 60 4A  1  4 3E  0  0  0
190309T13:07:47.154173mb >> 55 AA  0 6E  1 60 4A  1  4 3E 40  0  0
190309T13:07:51.636169mb >> 55 AA  0 6E  1 60 4A  1  4 3E 80  0  0
190309T13:07:56.118176mb >> 55 AA  0 6E  1 60 4A  1  4 3E C0  0  0
190309T13:08:00.584028mb >> 55 AA  0 6E  1 60 4A  1  4 3F  0  0  0
190309T13:08:05.066050mb >> 55 AA  0 6E  1 60 4A  1  4 3F 40  0  0
190309T13:08:09.547902mb >> 55 AA  0 6E  1 60 4A  1  4 3F 80  0  0
190309T13:08:14.029856mb >> 55 AA  0 6E  1 60 4A  1  4 3F C0  0  0
190309T13:08:18.495839mb >> 55 AA  0 6E  1 60 4A  1  4 40  0  0  0 55 AA  0 6E  1 60 4A  2  2 38 5F
190309T13:15:21.047557mb #### (counted 400000..40000000, result=385f) 
190309T13:15:21.047557mb #### cancel 
190309T13:15:21.047557mb ####  
190309T13:15:21.047557mb #### mode 11 
190309T13:15:21.047557mb ####  
190309T13:15:21.047557mb #### check (with error) 
190309T13:15:21.047557mb >> 55 AA  0 6E  1 60 4B 10  1  1
190309T13:15:50.980557mb ####  
190309T13:15:50.980557mb #### check 
190309T13:15:50.980557mb >> 55 AA  0 6E  1 60 4B 10  1  0
190309T13:16:35.608084mb #### (ok) 
190309T13:16:35.608084mb #### mode 12 
190309T13:16:35.608084mb ####  
190309T13:16:35.608084mb #### key 1 
190309T13:16:35.608084mb >> 55 AA  0 6E  1 60 4C  0  2  0  0
190309T13:17:08.630373mb ####  
190309T13:17:08.630373mb #### key 42 
190309T13:17:08.630373mb >> 55 AA  0 6E  1 60 4C  0  2 29  0
190309T13:17:30.191623mb ####  
190309T13:17:30.191623mb #### key 1 
190309T13:17:30.191623mb >> 55 AA  0 6E  1 60 4C  0  2  0  0
190309T13:18:01.373258mb ####  
190309T13:18:01.373258mb #### save 
190309T13:18:01.373258mb ####  
190309T13:18:01.373258mb #### key 2 
190309T13:18:01.373258mb >> 55 AA  0 6E  1 60 4C  0  2  1  0
190309T13:18:26.840458mb ####  
190309T13:18:26.840458mb #### mode 13 
190309T13:18:26.840458mb >> 55 AA  0 6E  1 60 4D  0  1  3
190309T13:22:36.038793mb #### (k500,600,700,800) 
190309T13:22:36.038793mb #### (k300,400) 
190309T13:22:36.038793mb #### (k200) 
190309T13:22:36.038793mb #### (k15e) 
190309T13:22:36.038793mb #### save 
190309T13:22:36.038793mb ####  
190309T13:22:36.038793mb #### mode 14 
190309T13:22:36.038793mb ####  
190309T13:22:36.038793mb #### switch off 
190309T13:22:36.038793mb >> 12 92  1  0  0  0  2 20  0  0 88  0  2  0  0  0  1  0
